3
[800, 1737, 0.17879743867243858, 4.3425, 4.8458877164502185, 0.17181358456561718, 981.2198658638575, 'ND', 'ND', 'ND', 'ND', 'ND', 0.19424749163879598, 800, 2.000000000000005, 2.0000000000000053, 0.97, 785.000000000001, 0.01875, 0.00875, 1214, 957, 0.031829561416639306, 0.40942702513681123, 'ND', 0.005434918648310388, 4.305369180146863, 5.235488110137663, 'ND', 'ND', 'ND', 'ND', 'ND', 0.9999999999999996, 0.0012499999999999994, 4.305369180146864, 344, 284, 'ND']
3
[800, 1629, 0.17397321428571433, 4.0725, 4.598376488095235, 0.16515939064819754, 1006.2998516628925, 'ND', 'ND', 'ND', 'ND', 'ND', 0.1775626785147572, 800, 2.000000000000009, 2.0000000000000098, 0.96375, 795.0000000000016, 0.00625, 0.015, 1197, 843, 0.04800660974560935, 0.29767728946148619, 'ND', 0.005096996245306633, 4.379440465996028, 5.297387359198999, 'ND', 'ND', 'ND', 'ND', 'ND', 1.0000000000000002, 0.0012500000000000002, 4.379440465996027, 347, 287, 'ND']
3
[800, 1738, 0.19656421356421358, 4.345, 4.9728958784271216, 0.1695471806127134, 987.3842191758889, 'ND', 'ND', 'ND', 'ND', 'ND', 0.20880405142189326, 800, 2.000000000000003, 2.0000000000000147, 0.9625, 788.0000000000018, 0.015, 0.015, 1196, 959, 0.04554596519192868, 0.37081291169126596, 'ND', 0.005438047559449312, 4.23386689502229, 5.149680851063835, 'ND', 'ND', 'ND', 'ND', 'ND', 0.9999999999999991, 0.001249999999999999, 4.233866895022288, 341, 289, 'ND']
3
[800, 1713, 0.21677480158730142, 4.2825, 4.803773809523809, 0.16469081806794478, 976.9897508818372, 'ND', 'ND', 'ND', 'ND', 'ND', 0.2297556958550645, 800, 1.9999999999999982, 2.000000000000004, 0.95125, 779.0000000000013, 0.02625, 0.015, 1143, 943, 0.047070746673934315, 0.33254965076574144, 'ND', 0.00535982478097622, 4.144096160300628, 5.038591989987488, 'ND', 'ND', 'ND', 'ND', 'ND', 1.000000000000001, 0.0012500000000000013, 4.14409616030063, 347, 286, 'ND']
3
[800, 1704, 0.19394733044733037, 4.26, 4.861611426767677, 0.17027827936494636, 994.8696663631813, 'ND', 'ND', 'ND', 'ND', 'ND', 0.1960101753916187, 800, 2.0000000000000093, 2.000000000000011, 0.96625, 788.0000000000009, 0.015, 0.01625, 1190, 924, 0.04246988345170521, 0.41533281443377323, 'ND', 0.005331664580725907, 4.293876117076177, 5.216767834793476, 'ND', 'ND', 'ND', 7.916995274389663, 'ND', 0.9999999999999996, 0.0012499999999999994, 4.293876117076173, 354, 287, 'ND']
3
[800, 1779, 0.18787791375291396, 4.4475, 4.977193799256298, 0.1728742340648822, 985.8195853507219, 'ND', 'ND', 'ND', 'ND', 'ND', 0.20647168637212196, 800, 2.0000000000000018, 2.0000000000000044, 0.96125, 788.0000000000022, 0.015, 0.01, 1237, 999, 0.03993173460710563, 0.44538452633233938, 'ND', 0.005566332916145182, 4.111461381865175, 5.025197121401762, 'ND', 'ND', 'ND', 9.643635200979707, 'ND', 0.9999999999999999, 0.0012499999999999998, 4.111461381865175, 348, 285, 'ND']
3
[800, 1752, 0.2063111471861468, 4.38, 4.886380907287159, 0.16877937204816942, 980.1599834226662, 'ND', 'ND', 'ND', 'ND', 'ND', 0.22727272727272727, 800, 1.9270437526792947, 1.9999999999999951, 0.96375, 785.0000000000015, 0.01875, 0.005, 1181, 973, 0.03632435249190299, 0.4152480384283293, 'ND', 0.005481852315394243, 4.278709916217328, 5.196827284105138, 'ND', 'ND', 'ND', 8.252399135873542, 'ND', 1.0, 0.00125, 4.278709916217325, 339, 269, 'ND']
3
[800, 1726, 0.16788320707070725, 4.315, 4.9032416125541145, 0.17556811169538888, 984.9344496292565, 'ND', 'ND', 'ND', 'ND', 'ND', 0.19254154843940008, 800, 1.999999999999994, 1.9999999999999971, 0.9775, 789.0000000000018, 0.01375, 0.005, 1233, 941, 0.03182993429021515, 0.37495485603962819, 'ND', 0.005400500625782228, 4.321441902628913, 5.2661326658322976, 'ND', 'ND', 'ND', 9.58379545702168, 'ND', 1.0000000000000004, 0.0012500000000000005, 4.321441902628913, 341, 280, 'ND']
3
[800, 1709, 0.18455212842712826, 4.2725, 4.87065431096681, 0.16778535636465, 982.0523068423921, 'ND', 'ND', 'ND', 'ND', 'ND', 0.2000259437021663, 800, 2.000000000000009, 2.0000000000000124, 0.94625, 779.000000000002, 0.02625, 0.015, 1213, 940, 0.03079116948946929, 0.44011857504525487, 'ND', 0.005347309136420526, 3.978980618003082, 4.8644148936170195, 'ND', 'ND', 'ND', 'ND', 'ND', 1.0000000000000007, 0.001250000000000001, 3.9789806180030807, 339, 288, 'ND']
3
[800, 1722, 0.1847577561327564, 4.305, 4.848197601010104, 0.16567444124980582, 989.8489982019797, 'ND', 'ND', 'ND', 'ND', 'ND', 0.20514201103782473, 800, 2.0000000000000058, 2.000000000000019, 0.9475, 786.0000000000022, 0.0175, 0.02375, 1193, 949, 0.02969394719214703, 0.38894330819063394, 'ND', 0.005387984981226533, 4.044582670694252, 4.932227784730914, 'ND', 'ND', 'ND', 9.471143299919785, 'ND', 1.0000000000000009, 0.0012500000000000011, 4.044582670694258, 344, 278, 'ND']
3
[800, 1694, 0.18111787518037523, 4.235, 4.752917929292931, 0.16768499300991543, 986.0810034872578, 'ND', 'ND', 'ND', 'ND', 'ND', 0.1981994459833795, 800, 2.000000000000004, 2.0000000000000093, 0.95625, 783.0000000000006, 0.02125, 0.00625, 1204, 918, 0.03273723636816478, 0.40621362344356426, 'ND', 0.005300375469336671, 4.168054679878676, 5.072058823529409, 'ND', 'ND', 'ND', 14.071675560704529, 'ND', 0.999999999999999, 0.0012499999999999987, 4.168054679878671, 348, 286, 'ND']
3
[800, 1653, 0.16708991702741705, 4.1325, 4.657019074675324, 0.16784273017559645, 986.0195280755436, 'ND', 'ND', 'ND', 'ND', 'ND', 0.18850506253722454, 800, 2.0000000000000058, 2.0000000000000147, 0.97, 784.0000000000016, 0.02, 0.005, 1204, 873, 0.027309598474840574, 0.3782303136720786, 'ND', 0.005172090112640801, 4.422213230196903, 5.3520463078848675, 'ND', 'ND', 'ND', 7.1078072878777405, 'ND', 0.9999999999999992, 0.001249999999999999, 4.422213230196895, 346, 291, 'ND']
3
[800, 1752, 0.18857774170274158, 4.38, 4.932015963203465, 0.16874104751959165, 975.800655305896, 'ND', 'ND', 'ND', 'ND', 'ND', 0.22151738137528545, 800, 2.000000000000011, 2.000000000000012, 0.955, 779.0000000000009, 0.02625, 0.015, 1203, 981, 0.03309765217507752, 0.40808901330114583, 'ND', 0.005481852315394243, 4.120131367216538, 5.02183041301627, 'ND', 'ND', 'ND', 'ND', 'ND', 1.0000000000000007, 0.001250000000000001, 4.120131367216539, 344, 275, 'ND']
3
[800, 1729, 0.18652146464646469, 4.3225, 4.876391729797978, 0.16893710394608027, 983.2127839386487, 'ND', 'ND', 'ND', 'ND', 'ND', 0.2176618562160731, 800, 2.000000000000001, 2.000000000000013, 0.96125, 785.0000000000015, 0.01875, 0.01125, 1187, 951, 0.04083786279887609, 0.43114827970100161, 'ND', 0.005409887359198999, 4.215272223110966, 5.1287421777221605, 'ND', 'ND', 'ND', 8.441695550359357, 'ND', 0.9999999999999994, 0.0012499999999999994, 4.215272223110971, 336, 284, 'ND']
3
[800, 1694, 0.16521130952380958, 4.235, 4.783213789682542, 0.17071618749071552, 989.4788973922938, 'ND', 'ND', 'ND', 'ND', 'ND', 0.18625652603358261, 800, 1.9999999999999931, 2.0000000000000044, 0.97, 788.0000000000022, 0.015, 0.0075, 1218, 911, 0.03153769434612845, 0.3685319401190249, 'ND', 0.005300375469336671, 4.3427435923977615, 5.272806633291617, 'ND', 'ND', 'ND', 17.284507657802568, 'ND', 1.0, 0.00125, 4.342743592397764, 347, 286, 'ND']
3
[800, 1706, 0.1647911532911534, 4.265, 4.918907151875902, 0.1726440132862071, 985.5767109926353, 'ND', 'ND', 'ND', 'ND', 'ND', 0.1751188589540412, 800, 2.0000000000000058, 2.000000000000007, 0.9675, 785.0000000000022, 0.01875, 0.01, 1229, 927, 0.039645011305989276, 0.41956830348940444, 'ND', 0.005337922403003755, 4.24574577871462, 5.171170212765967, 'ND', 'ND', 'ND', 12.678020102531665, 'ND', 1.0000000000000004, 0.0012500000000000005, 4.245745778714621, 344, 290, 'ND']
3
[800, 1660, 0.16562637362637372, 4.15, 4.780575761044508, 0.16514769986907266, (997.0986453493632+0j), 'ND', 'ND', 'ND', 'ND', 'ND', 0.18768287585342064, 800, 'ND', 'ND', 0.95, (786.0000000000011+0j), 0.0175, 0.02, 1200, 886, 0.02908443019353804, 0.4226753108445761, 'ND', 0.005193992490613267, 4.134209114776932, 5.026376720901129, 'ND', 'ND', 'ND', 'ND', 'ND', 1.0000000000000007, 0.001250000000000001, 4.134209114776932, 342, 296, 'ND']
3
[800, 1689, 0.18418055555555551, 4.2225, 4.747716765873012, 0.16686092021336418, 994.7361082766471, 'ND', 'ND', 'ND', 'ND', 'ND', 0.1916784203102962, 800, 2.0000000000000044, 2.0000000000000053, 0.955, 787.000000000001, 0.01625, 0.02, 1206, 913, 0.03481999578795161, 0.37910858273921227, 'ND', 0.005284730913642052, 4.167737867823498, 5.06934292866082, 'ND', 'ND', 'ND', 'ND', 'ND', 0.9999999999999998, 0.0012499999999999998, 4.167737867823504, 348, 296, 'ND']
3
[800, 1696, 0.18143912337662332, 4.24, 4.845099476911979, 0.1713237269292945, 997.7634640623942, 'ND', 'ND', 'ND', 'ND', 'ND', 0.19383198437063912, 800, 1.9999999999999964, 2.0000000000000133, 0.97625, 794.0000000000019, 0.0075, 0.0075, 1204, 908, 0.034929984264074225, 0.3593128125705598, 'ND', 0.005306633291614518, 4.448464716233645, 5.390413016270338, 'ND', 'ND', 'ND', 'ND', 'ND', 0.9999999999999991, 0.001249999999999999, 4.448464716233638, 344, 276, 'ND']
3
[800, 1691, 0.1461939935064936, 4.2275, 4.81907003066378, 0.17252139181326911, 992.6568126560428, 'ND', 'ND', 'ND', 'ND', 'ND', 0.16773029966703662, 800, 2.000000000000011, 2.0000000000000244, 0.9675, 788.000000000002, 0.015, 0.0125, 1257, 910, 0.03086137538481537, 0.36113608539291436, 'ND', 0.0052909887359199, 4.247950916088725, 5.17337922403003, 'ND', 'ND', 'ND', 'ND', 'ND', 0.9999999999999991, 0.001249999999999999, 4.247950916088724, 339, 285, 'ND']
