3
[1500, 6050, 0.06806708128472871, 8.066666666666666, 8.878444322235508, 0.25848149360224937, 1693.1316547421784, 'ND', 'ND', 'ND', 'ND', 'ND', 0.06383236678857929, 1500, 1.705495281696293, 2.000000000000012, 0.9973333333333333, 1498.0000000000027, 0.0013333333333333333, 0.0013333333333333333, 4889, 4554, 0.0036555336316669595, 0.25911731774242908, 'ND', 0.005381365354680898, 2.85552362010811, 3.846389148321096, 'ND', 'ND', 'ND', 32.66982817351929, 'ND', 1.0000000000000007, 0.0006666666666666671, 2.8555236201081073, 689, 389, 'ND']
3
[1500, 6043, 0.06898521576462789, 8.057333333333334, 8.829936229946544, 0.2579722695713489, 1693.0989924810115, 'ND', 'ND', 'ND', 'ND', 'ND', 0.06563871282301316, 1500, 1.7309270355400277, 1.7785966621744382, 0.9986666666666667, 1498.0000000000027, 0.0013333333333333333, 0.0, 4879, 4546, 0.004301338650781585, 0.26789728270297897, 'ND', 0.005375138981543251, 2.882428962432453, 3.8759199466310856, 'ND', 'ND', 'ND', 31.76159839043567, 'ND', 1.0000000000000004, 0.000666666666666667, 2.882428962432455, 687, 392, 'ND']
3
[1500, 6085, 0.06839939134939174, 8.113333333333333, 8.926136071390486, 0.25867568941907104, 1692.3352476934126, 'ND', 'ND', 'ND', 'ND', 'ND', 0.06910431403805918, 1500, 1.7657515525674154, 2.0000000000000133, 0.9973333333333333, 1498.000000000005, 0.0013333333333333333, 0.0013333333333333333, 4887, 4589, 0.0035374652216098915, 0.27974038739350832, 'ND', 0.005412497220369135, 2.8518896888090053, 3.8427600622637232, 'ND', 'ND', 'ND', 30.856282996042665, 'ND', 0.9999999999999969, 0.0006666666666666646, 2.8518896888090075, 683, 382, 'ND']
3
[1500, 6010, 0.06564664844959005, 8.013333333333334, 8.757796842699777, 0.2577084213572982, 1696.911144140886, 'ND', 'ND', 'ND', 'ND', 'ND', 0.06730908414152484, 1500, 1.74566233888757, 1.999999999999988, 0.9986666666666667, 1500.0000000000057, 0.0, 0.0013333333333333333, 4844, 4512, 0.003517759089707157, 0.26726312222225729, 10.454430221154166, 0.005345786079608628, 2.883905692357429, 3.8773955970647083, 'ND', 'ND', 'ND', 32.63876033767728, 'ND', 0.9999999999999991, 0.0006666666666666661, 2.8839056923574358, 690, 400, 'ND']
3
[1500, 5924, 0.06660910385910411, 7.898666666666666, 8.60180100732601, 0.2558014748025731, 1694.1390911773537, 'ND', 'ND', 'ND', 'ND', 'ND', 0.06949309151857662, 1500, 1.6683275736726333, 1.6705564835951314, 0.9986666666666667, 1498.0000000000032, 0.0013333333333333333, 0.0, 4764, 4427, 0.003547788670270683, 0.25497350497589205, 'ND', 0.005269290638203247, 2.910801237317975, 3.9042543918167736, 'ND', 'ND', 'ND', 33.26962582293061, 'ND', 1.0000000000000002, 0.0006666666666666669, 2.9108012373179784, 682, 395, 'ND']
3
[1500, 6106, 0.07288003330232458, 8.141333333333334, 8.986244754428581, 0.2589251649170744, 1692.8734212921227, 'ND', 'ND', 'ND', 'ND', 'ND', 0.0734191623817561, 1500, 1.7476574660594104, 1.77256899495059, 0.9993333333333333, 1499.0000000000045, 0.0006666666666666666, 0.0, 4860, 4608, 0.0038183376732926697, 0.28518879138151387, 'ND', 0.005431176339782077, 2.8783871045316327, 3.8732159217255884, 'ND', 'ND', 'ND', 30.13258829018374, 'ND', 1.0000000000000007, 0.0006666666666666671, 2.8783871045316376, 693, 385, 'ND']
3
[1500, 6119, 0.07083903506194551, 8.158666666666667, 9.002697442970968, 0.25980799919501474, 1691.044971548915, 'ND', 'ND', 'ND', 'ND', 'ND', 0.0681204772149423, 1500, 1.6769276961828212, 1.694579431019633, 0.9986666666666667, 1498.0000000000014, 0.0013333333333333333, 0.0, 4919, 4622, 0.00348523047722021, 0.27185787444305393, 'ND', 0.005442739604180565, 2.8553535022458223, 3.8488805870580287, 'ND', 'ND', 'ND', 31.869551719048115, 'ND', 1.0000000000000013, 0.0006666666666666675, 2.8553535022458245, 687, 388, 'ND']
3
[1500, 5984, 0.0656325479359537, 7.978666666666666, 8.771032632320091, 0.25694959022420477, 1692.3202956012756, 'ND', 'ND', 'ND', 'ND', 'ND', 0.06817621941205453, 1500, 1.7198020257115267, 1.7292903603334806, 0.9973333333333333, 1496.0000000000002, 0.0026666666666666666, 0.0, 4837, 4489, 0.003514470560326378, 0.30484420862720529, 'ND', 0.005322659550811652, 2.8787139802146657, 3.8695476984656434, 'ND', 'ND', 'ND', 28.07830275517746, 'ND', 0.9999999999999997, 0.0006666666666666664, 2.878713980214667, 690, 395, 'ND']
3
[1500, 5970, 0.06389901220783613, 7.96, 8.768132336672045, 0.25706050563709876, 1695.7929836263272, 'ND', 'ND', 'ND', 'ND', 'ND', 0.0676304523174288, 1500, 1.7453115739598535, 1.832966193083479, 0.9986666666666667, 1498.0000000000034, 0.0013333333333333333, 0.0, 4843, 4473, 0.003513278727976508, 0.27708378618165208, 'ND', 0.005310206804536357, 2.895783659956664, 3.889256837891939, 'ND', 'ND', 'ND', 31.698937001217015, 'ND', 0.9999999999999993, 0.0006666666666666662, 2.8957836599566527, 685, 392, 'ND']
3
[1500, 6045, 0.06979939027833795, 8.06, 8.84500297795027, 0.258475201762067, 1692.2285612988796, 'ND', 'ND', 'ND', 'ND', 'ND', 0.0690471852796502, 1500, 1.686494736318263, 1.7424378799600773, 0.9986666666666667, 1498.0000000000016, 0.0013333333333333333, 0.0, 4873, 4548, 0.003755768908127595, 0.29028204349584669, 'ND', 0.005376917945296864, 2.873308507407246, 3.8668116522125833, 'ND', 'ND', 'ND', 30.897861426394154, 'ND', 1.0, 0.0006666666666666666, 2.8733085074072546, 697, 394, 'ND']
3
[1500, 6049, 0.0709734225469523, 8.065333333333333, 8.881155708507174, 0.2586582735092192, 1695.214870124417, 0.007333333333333333, 8, 5, 9, 6.287333333333334, 0.07051126726435668, 1500, 1.7079655834014738, 1.7522878250992333, 1.0, 1500.0000000000011, 0.0, 0.0, 4819, 4550, 0.0039780550010351245, 0.26225134647504666, 10.446768583500653, 0.005380475872804092, 2.8902098506258267, 3.8863562374916496, 0.0019368335302614621, 6.535681284363517, 3.7685081989240645, 32.39991634735135, 9, 0.9999999999999993, 0.0006666666666666662, 2.8902098506258316, 689, 383, 3.886356237491661]
3
[1500, 6011, 0.06405169982522964, 8.014666666666667, 8.814004228560098, 0.2567786837121583, 1693.8482613382491, 'ND', 'ND', 'ND', 'ND', 'ND', 0.06588230496309286, 1500, 1.9999999999999982, 2.0000000000000067, 0.9953333333333333, 1497.0000000000023, 0.002, 0.0026666666666666666, 4883, 4517, 0.0038032685278133666, 0.30109951310127891, 'ND', 0.005346675561485435, 2.853723577177833, 3.840605737158103, 'ND', 'ND', 'ND', 31.283426087917547, 'ND', 0.9999999999999984, 0.0006666666666666657, 2.853723577177844, 684, 392, 'ND']
3
[1500, 5767, 0.060665137476902505, 7.689333333333333, 8.37712323907029, 0.2530803699761019, 1701.488555875514, 'ND', 'ND', 'ND', 'ND', 'ND', 0.06253555742666636, 1500, 1.6884809827572687, 1.8172932798875336, 0.9993333333333333, 1499.0000000000027, 0.0006666666666666666, 0.0, 4773, 4269, 0.0035430230102040656, 0.25458121332447958, 'ND', 0.005129641983544585, 2.9637176898528685, 3.958432732933067, 'ND', 'ND', 'ND', 32.451160543641436, 'ND', 0.9999999999999997, 0.0006666666666666664, 2.963717689852869, 696, 402, 'ND']
3
[1500, 5925, 0.06446820249467344, 7.9, 8.584105151221339, 0.2555582919881358, 1691.6254651692313, 'ND', 'ND', 'ND', 'ND', 'ND', 0.06720649512436101, 1500, 1.6725547470971147, 1.6940236892679637, 0.9973333333333333, 1495.9999999999989, 0.0026666666666666666, 0.0, 4801, 4430, 0.0036425366313131034, 0.27140464488063942, 'ND', 0.005270180120080054, 2.896265512121562, 3.88707582833001, 'ND', 'ND', 'ND', 32.16991903445419, 'ND', 0.9999999999999994, 0.0006666666666666663, 2.896265512121562, 687, 382, 'ND']
3
[1500, 6117, 0.0657475751745105, 8.156, 8.977037436130557, 0.259343726626925, 1694.3463970585767, 'ND', 'ND', 'ND', 'ND', 'ND', 0.07002183917011154, 1500, 1.7775414016381157, 2.0000000000000155, 0.998, 1499.0000000000032, 0.0006666666666666666, 0.0013333333333333333, 4940, 4620, 0.0036913834895957406, 0.32182795139490622, 'ND', 0.005440960640426951, 2.8525122667448084, 3.8447124749833304, 'ND', 'ND', 'ND', 27.147723214767773, 'ND', 1.0000000000000004, 0.000666666666666667, 2.8525122667448084, 691, 374, 'ND']
3
[1500, 6013, 0.0661410831858203, 8.017333333333333, 8.837257874939525, 0.25714488427910964, 1695.2332598651874, 'ND', 'ND', 'ND', 'ND', 'ND', 0.06784624771201953, 1500, 1.8497715573753877, 2.0000000000000067, 0.9973333333333333, 1498.0000000000016, 0.0013333333333333333, 0.0013333333333333333, 4850, 4517, 0.0035773429861937467, 0.27787081638038613, 'ND', 0.005348454525239048, 2.877170450081983, 3.868007115855008, 'ND', 'ND', 'ND', 31.592740306041065, 'ND', 0.9999999999999987, 0.0006666666666666658, 2.8771704500819824, 693, 387, 'ND']
3
[1500, 5904, 0.061983724594406084, 7.872, 8.656091538993616, 0.25601251458644786, 1694.647447590874, 'ND', 'ND', 'ND', 'ND', 'ND', 0.06332741621575379, 1500, 1.7221242633970477, 1.7472211223324372, 0.998, 1497.0000000000032, 0.002, 0.0, 4841, 4408, 0.003585021015253812, 0.24498604645284958, 'ND', 0.005251501000667112, 2.9001123134158857, 3.8922481654436165, 'ND', 'ND', 'ND', 32.185939818423094, 'ND', 0.9999999999999998, 0.0006666666666666665, 2.900112313415888, 692, 384, 'ND']
3
[1500, 5916, 0.0642128666540435, 7.888, 8.564617481646904, 0.2557380412438981, 1698.0275499707193, 'ND', 'ND', 'ND', 'ND', 'ND', 0.06152248685832955, 1500, 1.782473862402983, 2.000000000000001, 0.998, 1499.0000000000027, 0.0006666666666666666, 0.0013333333333333333, 4857, 4419, 0.004325541062681385, 0.24787365038743944, 'ND', 0.005262174783188792, 2.903899439857994, 3.8960311318656875, 'ND', 'ND', 'ND', 33.36657447968841, 'ND', 1.0, 0.0006666666666666666, 2.903899439857989, 689, 379, 'ND']
3
[1500, 5964, 0.06277708587708616, 7.952, 8.724132496207488, 0.2576065425571587, 1695.1673157299297, 'ND', 'ND', 'ND', 'ND', 'ND', 0.06228896206035947, 1500, 1.6761167695504247, 1.7420355829760905, 0.9993333333333333, 1499.0000000000018, 0.0006666666666666666, 0.0, 4860, 4466, 0.0034072217163052575, 0.26023438575664326, 'ND', 0.005304869913275517, 2.8944823919105844, 3.889289748721366, 'ND', 'ND', 'ND', 33.05275700195404, 'ND', 1.0000000000000009, 0.0006666666666666673, 2.8944823919105853, 695, 394, 'ND']
3
[1500, 6005, 0.06952533577533615, 8.006666666666666, 8.773313864947701, 0.2568758144319167, 1695.9839831152333, 'ND', 'ND', 'ND', 'ND', 'ND', 0.06901385224274406, 1500, 1.7185274059659643, 2.0000000000000164, 0.998, 1499.0000000000034, 0.0006666666666666666, 0.0013333333333333333, 4809, 4508, 0.003527040903278383, 0.2786841185279979, 'ND', 0.005341338670224594, 2.888602192293747, 3.88075428063153, 'ND', 'ND', 'ND', 31.471232344340667, 'ND', 0.9999999999999994, 0.0006666666666666663, 2.888602192293747, 688, 390, 'ND']
