3
[1000, 2662, 0.07188162948162964, 5.324, 5.990902025752032, 0.2183011471742466, 1190.7326358241758, 'ND', 'ND', 'ND', 'ND', 'ND', 0.08129333522003679, 1000, 1.9005637490878424, 1.9320557340582378, 0.994, 994.0000000000013, 0.006, 0.0, 2189, 1669, 0.008582668218773395, 0.30924459523807502, 'ND', 0.005329329329329329, 3.5329076571561573, 4.5138718718718644, 'ND', 'ND', 'ND', 20.867760201583334, 'ND', 0.9999999999999996, 0.0009999999999999996, 3.5329076571561573, 447, 330, 'ND']
3
[1000, 2695, 0.06839388944388976, 5.39, 6.132120915195917, 0.2200023101571028, 1200.6186543118613, 'ND', 'ND', 'ND', 'ND', 'ND', 0.06564906119140888, 1000, 2.000000000000014, 2.0000000000000173, 0.992, 998.0000000000019, 0.002, 0.006, 2260, 1701, 0.00903498778543515, 0.29812103093914344, 'ND', 0.005395395395395395, 3.4746851059476285, 4.451797797797799, 'ND', 'ND', 'ND', 22.12222476326212, 'ND', 0.9999999999999994, 0.0009999999999999994, 3.4746851059476285, 451, 331, 'ND']
3
[1000, 2673, 0.06445356310356329, 5.346, 6.0957734987235055, 0.2202067963042188, 1185.1024482197736, 'ND', 'ND', 'ND', 'ND', 'ND', 0.06160078223215533, 1000, 1.8225052990109094, 1.8817142329379346, 0.992, 992.0000000000008, 0.008, 0.0, 2259, 1682, 0.007457219128306667, 0.23235693718085532, 'ND', 0.0053513513513513515, 3.460297973324027, 4.437433433433433, 'ND', 'ND', 'ND', 24.244746455440108, 'ND', 0.9999999999999993, 0.0009999999999999994, 3.460297973324024, 433, 328, 'ND']
3
[1000, 2728, 0.06160736485736505, 5.456, 6.228314324564326, 0.22102945008787522, 1190.2701453919772, 'ND', 'ND', 'ND', 'ND', 'ND', 0.06691669956573233, 1000, 2.0000000000000044, 2.000000000000009, 0.985, 995.0000000000023, 0.005, 0.002, 2307, 1737, 0.005720244832834643, 0.27670158938136652, 'ND', 0.005461461461461462, 3.335038445258886, 4.298604604604618, 'ND', 'ND', 'ND', 23.012654285739522, 'ND', 0.9999999999999994, 0.0009999999999999994, 3.3350384452588786, 448, 327, 'ND']
3
[1000, 2656, 0.06080404595404615, 5.312, 6.1133421023421, 0.22141698996294745, 1199.7050368534824, 'ND', 'ND', 'ND', 'ND', 'ND', 0.060020840569642235, 1000, 1.9137800728328023, 1.9999999999999916, 0.997, 999.0000000000024, 0.001, 0.002, 2271, 1659, 0.007133565585761903, 0.27696628699963094, 'ND', 0.005317317317317318, 3.5267391640137085, 4.513693693693706, 'ND', 'ND', 'ND', 23.904005001733925, 'ND', 0.9999999999999998, 0.0009999999999999998, 3.5267391640137116, 440, 333, 'ND']
3
[1000, 2642, 0.059121289821290016, 5.284, 5.99961283716284, 0.21950961790543727, 1192.2576868413812, 'ND', 'ND', 'ND', 'ND', 'ND', 0.06261695695983878, 1000, 1.8504834407832127, 1.918671204009761, 0.995, 995.0000000000014, 0.005, 0.0, 2259, 1648, 0.005408759358194697, 0.23803159234711641, 'ND', 0.0052892892892892895, 3.5227953404306094, 4.505769769769758, 'ND', 'ND', 'ND', 23.92153465800906, 'ND', 0.9999999999999994, 0.0009999999999999994, 3.522795340430617, 442, 339, 'ND']
3
[1000, 2599, 0.055236308136308296, 5.198, 5.867193376068377, 0.21692812303599474, 1190.6184560831587, 'ND', 'ND', 'ND', 'ND', 'ND', 0.06127469250838614, 1000, 1.8309884132190382, 2.000000000000006, 0.989, 991.0000000000016, 0.009, 0.002, 2245, 1610, 0.004958449500391644, 0.2628652834501139, 'ND', 0.005203203203203203, 3.4745085767129855, 4.445671671671668, 'ND', 'ND', 'ND', 21.890892870937527, 'ND', 0.9999999999999997, 0.0009999999999999996, 3.474508576712983, 439, 342, 'ND']
3
[1000, 2694, 0.07078292263292285, 5.388, 6.091740043290046, 0.2204686319800267, 1188.781636630169, 'ND', 'ND', 'ND', 'ND', 'ND', 0.06990331779926272, 1000, 2.000000000000009, 2.0000000000000107, 0.991, 995.0000000000033, 0.005, 0.004, 2253, 1702, 0.005277825007033515, 0.25047370013720072, 'ND', 0.005393393393393393, 3.434568837374447, 4.409775775775766, 'ND', 'ND', 'ND', 24.5174458076643, 'ND', 0.9999999999999986, 0.0009999999999999985, 3.434568837374446, 443, 322, 'ND']
3
[1000, 2610, 0.059879093129093335, 5.22, 5.950812609612616, 0.2152665669187335, 1189.3626280521653, 'ND', 'ND', 'ND', 'ND', 'ND', 0.07145979020979021, 1000, 1.9999999999999996, 2.0, 0.986, 990.0000000000019, 0.01, 0.004, 2214, 1623, 0.005004343476248979, 0.26975114376966941, 'ND', 0.005225225225225226, 3.462735280370552, 4.427995995995993, 'ND', 'ND', 'ND', 18.824659896202647, 'ND', 0.9999999999999996, 0.0009999999999999996, 3.462735280370549, 438, 341, 'ND']
3
[1000, 2637, 0.06481635586635608, 5.274, 5.88550139305139, 0.21730922756055765, 1194.976631802943, 'ND', 'ND', 'ND', 'ND', 'ND', 0.06816677696889477, 1000, 2.0000000000000004, 2.000000000000006, 0.991, 995.0000000000008, 0.005, 0.004, 2237, 1645, 0.005296738361984008, 0.27481631777582582, 'ND', 0.005279279279279279, 3.498785358504798, 4.473863863863866, 'ND', 'ND', 'ND', 23.110566580729436, 'ND', 0.9999999999999998, 0.0009999999999999998, 3.4987853585047946, 441, 321, 'ND']
3
[1000, 2695, 0.061648851148851304, 5.39, 6.194393911643902, 0.2229622502616356, 1191.4055641232294, 'ND', 'ND', 'ND', 'ND', 'ND', 0.06838474025974026, 1000, 1.799397744769404, 1.9000615774806644, 0.996, 996.0000000000014, 0.004, 0.0, 2272, 1700, 0.00436416527118987, 0.24679615271894001, 'ND', 0.005395395395395395, 3.4707172101961676, 4.455787787787789, 'ND', 'ND', 'ND', 21.894178467650534, 'ND', 1.0000000000000002, 0.0010000000000000002, 3.4707172101961685, 437, 340, 'ND']
3
[1000, 2712, 0.06446210456210476, 5.424, 6.147352125652127, 0.21893528554746422, 1184.7567474749135, 'ND', 'ND', 'ND', 'ND', 'ND', 0.07307769524191929, 1000, 2.0000000000000053, 2.0000000000000133, 0.984, 990.0000000000033, 0.01, 0.006, 2278, 1726, 0.004995274147982228, 0.29277747427798129, 'ND', 0.005429429429429429, 3.3569601665794058, 4.318492492492501, 'ND', 'ND', 'ND', 18.409862509186357, 'ND', 0.9999999999999993, 0.0009999999999999994, 3.3569601665794018, 440, 327, 'ND']
3
[1000, 2731, 0.06872330447330473, 5.462, 6.156792965367966, 0.22076445614619944, 1188.4583942834913, 'ND', 'ND', 'ND', 'ND', 'ND', 0.0678215503979667, 1000, 2.000000000000003, 2.000000000000004, 0.989, 994.0000000000018, 0.006, 0.003, 2305, 1740, 0.005203452995710214, 0.26785613397250058, 'ND', 0.005467467467467468, 3.4041255684542238, 4.375435435435435, 'ND', 'ND', 'ND', 24.414059915938918, 'ND', 0.9999999999999991, 0.0009999999999999992, 3.404125568454227, 443, 327, 'ND']
3
[1000, 2762, 0.0730467254967257, 5.524, 6.329526845376851, 0.22230871565190966, 1180.6839190542648, 'ND', 'ND', 'ND', 'ND', 'ND', 0.07661341049188578, 1000, 1.8114026236240415, 2.000000000000002, 0.988, 990.0000000000005, 0.01, 0.002, 2280, 1774, 0.006311306328713402, 0.31057689561933405, 'ND', 0.00552952952952953, 3.3604426069355946, 4.329855855855845, 'ND', 'ND', 'ND', 19.96412858834985, 'ND', 1.000000000000002, 0.001000000000000002, 3.360442606935591, 442, 326, 'ND']
3
[1000, 2665, 0.056753646353646534, 5.33, 6.087113275613277, 0.22207196029827253, 1194.5463414942087, 'ND', 'ND', 'ND', 'ND', 'ND', 0.06746310611384398, 1000, 1.8771434447730113, 1.8825972724020357, 0.998, 998.0000000000005, 0.002, 0.0, 2252, 1668, 0.0042890561307264725, 0.24819231484531282, 'ND', 0.005335335335335335, 3.5153450043229584, 4.5043163163163165, 'ND', 'ND', 'ND', 19.738160635646327, 'ND', 1.0000000000000007, 0.0010000000000000007, 3.5153450043229557, 446, 340, 'ND']
3
[1000, 2605, 0.0648835830835832, 5.21, 5.938012012987012, 0.21523143133542375, 1196.722541017186, 'ND', 'ND', 'ND', 'ND', 'ND', 0.06424313783207006, 1000, 2.0000000000000115, 2.0000000000000178, 0.987, 994.000000000002, 0.006, 0.005, 2225, 1615, 0.0070503113189319105, 0.24191842930120941, 'ND', 0.005215215215215215, 3.4827914086431124, 4.449991991991984, 'ND', 'ND', 'ND', 23.555358418373945, 'ND', 1.0000000000000002, 0.0010000000000000002, 3.482791408643112, 441, 342, 'ND']
3
[1000, 2755, 0.06287480852480877, 5.51, 6.269698029748035, 0.22263239526787704, 1184.574552287143, 'ND', 'ND', 'ND', 'ND', 'ND', 0.06935857805255023, 1000, 1.91383984006187, 2.000000000000003, 0.99, 992.0000000000002, 0.008, 0.002, 2330, 1765, 0.005617864903927245, 0.27352469470250673, 'ND', 0.005515515515515515, 3.3863843803723532, 4.359703703703707, 'ND', 'ND', 'ND', 23.299887197870618, 'ND', 0.9999999999999997, 0.0009999999999999996, 3.386384380372355, 442, 329, 'ND']
3
[1000, 2682, 0.06358478188478205, 5.364, 6.175226920301912, 0.22166039465854184, 1186.9519026495627, 'ND', 'ND', 'ND', 'ND', 'ND', 0.06690691507445434, 1000, 1.827071245257351, 2.0000000000000036, 0.991, 993.0000000000011, 0.007, 0.002, 2259, 1691, 0.005896303567726096, 0.2696857379857826, 'ND', 0.005369369369369369, 3.4144745948353177, 4.389719719719726, 'ND', 'ND', 'ND', 19.368937430649723, 'ND', 0.9999999999999998, 0.0009999999999999998, 3.414474594835316, 440, 334, 'ND']
3
[1000, 2739, 0.06671646980470533, 5.478, 6.204580110575699, 0.21999371049026056, 1184.6244980182303, 'ND', 'ND', 'ND', 'ND', 'ND', 0.06795990105455019, 1000, 2.000000000000003, 2.0000000000000115, 0.983, 989.0000000000001, 0.011, 0.006, 2318, 1754, 0.00775997913406117, 0.29385386325056928, 'ND', 0.005483483483483483, 3.3284326410578875, 4.288054054054062, 'ND', 'ND', 'ND', 21.689874867074852, 'ND', 0.9999999999999992, 0.0009999999999999992, 3.328432641057896, 441, 333, 'ND']
3
[1000, 2694, 0.06520086025086047, 5.388, 6.180933164058156, 0.22227874939768294, 1194.5896289292748, 'ND', 'ND', 'ND', 'ND', 'ND', 0.07426239379139626, 1000, 1.8575932377200954, 1.8598579935631037, 0.996, 996.0000000000006, 0.004, 0.0, 2244, 1699, 0.005068957596865288, 0.2968106399643336, 'ND', 0.005393393393393393, 3.487381168743895, 4.472418418418423, 'ND', 'ND', 'ND', 19.541092398913595, 'ND', 0.9999999999999999, 0.0009999999999999998, 3.4873811687438914, 439, 327, 'ND']
