3
[1000, 2687, 0.18509181929181928, 5.374, 5.9560552974802965, 0.19800384711172697, 1200.283563202365, 'ND', 'ND', 'ND', 'ND', 'ND', 0.20363761153054222, 1000, 2.000000000000006, 2.0000000000000075, 0.99, 996.0000000000011, 0.004, 0.002, 1805, 1694, 0.03144510706371579, 0.41703385168455831, 'ND', 0.00537937937937938, 3.9391596004822462, 4.911385385385385, 'ND', 'ND', 'ND', 11.715553642272349, 'ND', 1.0, 0.001, 3.9391596004822427, 443, 305, 'ND']
3
[1000, 2688, 0.19521616161616148, 5.376, 5.96463033910534, 0.19808870012468174, 1195.581680081587, 'ND', 'ND', 'ND', 'ND', 'ND', 0.21046495679604993, 1000, 2.0000000000000044, 2.0000000000000107, 0.988, 992.0000000000023, 0.008, 0.004, 1772, 1699, 0.02822126365687832, 0.38056902264417247, 'ND', 0.0053813813813813815, 3.9040764211104952, 4.872404404404402, 'ND', 'ND', 'ND', 11.436054588790224, 'ND', 0.9999999999999991, 0.0009999999999999992, 3.9040764211104895, 442, 314, 'ND']
3
[1000, 2640, 0.18460796425796416, 5.28, 5.8648748556998616, 0.19871487308222155, 1193.7432688433528, 'ND', 'ND', 'ND', 'ND', 'ND', 0.18956633748389867, 1000, 1.9200577094821827, 1.922501649711113, 0.988, 991.0000000000009, 0.009, 0.0, 1782, 1651, 0.02497332164309953, 0.36591470145578486, 'ND', 0.005285285285285286, 3.8823553011929763, 4.850728728728735, 'ND', 'ND', 'ND', 11.183397855486053, 'ND', 1.0000000000000002, 0.0010000000000000002, 3.8823553011929772, 439, 310, 'ND']
3
[1000, 2668, 0.17408944388944392, 5.336, 5.9429738095238145, 0.19769218763480959, 1196.3844055578152, 'ND', 'ND', 'ND', 'ND', 'ND', 0.19501446081806914, 1000, 1.8996763844849702, 2.000000000000005, 0.987, 992.0000000000025, 0.008, 0.002, 1814, 1679, 0.022637778667523024, 0.41637642314924572, 'ND', 0.005341341341341341, 3.895510741202124, 4.861883883883878, 'ND', 'ND', 'ND', 10.031039606994792, 'ND', 1.000000000000001, 0.001000000000000001, 3.8955107412021204, 445, 313, 'ND']
3
[1000, 2764, 0.189647347097347, 5.528, 6.10775298590299, 0.19947041336877167, 1198.1974642235846, 'ND', 'ND', 'ND', 'ND', 'ND', 0.21130252367935923, 1000, 2.0000000000000036, 2.000000000000037, 0.986, 994.0000000000016, 0.006, 0.004, 1829, 1774, 0.02761673538172934, 0.44138474095854946, 'ND', 0.0055335335335335335, 3.8427806564079146, 4.8072932932932995, 'ND', 'ND', 'ND', 'ND', 'ND', 0.9999999999999992, 0.0009999999999999992, 3.8427806564079163, 444, 292, 'ND']
3
[1000, 2638, 0.19274251859251873, 5.276, 5.891195165945165, 0.19697319040574204, 1200.7891029074792, 'ND', 'ND', 'ND', 'ND', 'ND', 0.1963172804532578, 1000, 2.000000000000008, 2.00000000000001, 0.986, 994.0000000000016, 0.006, 0.008, 1776, 1649, 0.033664593712748374, 0.41644113714481923, 'ND', 0.005281281281281281, 3.8902670205275407, 4.854676676676673, 'ND', 'ND', 'ND', 17.311902113127175, 'ND', 0.9999999999999989, 0.000999999999999999, 3.890267020527538, 444, 319, 'ND']
3
[1000, 2757, 0.19483186258186255, 5.514, 6.165963500388501, 0.19920740105969276, (1186.1532067894059+0j), 'ND', 'ND', 'ND', 'ND', 'ND', 0.21360214367742758, 1000, 'ND', 'ND', 0.98, (988.0000000000006+0j), 0.012, 0.008, 1805, 1774, 0.026435964477518108, 0.37282490662139417, 'ND', 0.00551951951951952, 3.7281790808844937, 4.681111111111124, 'ND', 'ND', 'ND', 'ND', 'ND', 0.9999999999999987, 0.0009999999999999987, 3.7281790808844906, 446, 326, 'ND']
3
[1000, 2616, 0.18841041736041725, 5.232, 5.819682492507493, 0.19893317555388612, 1205.2708278007494, 'ND', 'ND', 'ND', 'ND', 'ND', 0.18253038512227265, 1000, 1.999999999999998, 2.000000000000017, 0.99, 997.0000000000014, 0.003, 0.005, 1788, 1623, 0.02508227528119876, 0.38815557013075852, 'ND', 0.005237237237237237, 3.9165698764897185, 4.888836836836847, 'ND', 'ND', 'ND', 12.54035524838907, 'ND', 0.9999999999999997, 0.0009999999999999996, 3.91656987648971, 445, 312, 'ND']
3
[1000, 2606, 0.18817683982683983, 5.212, 5.776646176046182, 0.19451075056308564, (1195.1166685276835+0j), 'ND', 'ND', 'ND', 'ND', 'ND', 0.19517058041648205, 1000, 'ND', 'ND', 0.983, (990.0000000000009+0j), 0.01, 0.004, 1768, 1620, 0.03085732762642848, 0.38559187458593336, 'ND', 0.005217217217217217, 3.900965093349862, 4.859445445445445, 'ND', 'ND', 'ND', 12.648183336438054, 'ND', 1.0, 0.001, 3.9009650933498627, 437, 308, 'ND']
3
[1000, 2721, 0.19189011544011536, 5.442, 6.014715348540355, 0.2011679266272851, 1196.6496280094818, 'ND', 'ND', 'ND', 'ND', 'ND', 0.1892111133644291, 1000, 2.000000000000008, 2.0000000000000115, 0.985, 995.0000000000011, 0.005, 0.01, 1825, 1732, 0.028424611375011084, 0.40016411563993065, 'ND', 0.005447447447447447, 3.7698480043169447, 4.732528528528525, 'ND', 'ND', 'ND', 19.756548021075567, 'ND', 1.0, 0.001, 3.7698480043169416, 448, 310, 'ND']
3
[1000, 2800, 0.19119069819069806, 5.6, 6.299617550505055, 0.20365716274175785, 1190.164890641407, 'ND', 'ND', 'ND', 'ND', 'ND', 0.2072132753658686, 1000, 1.999999999999991, 2.0000000000000107, 0.991, 995.0000000000016, 0.005, 0.004, 1871, 1808, 0.032990123602066504, 0.41862254008553229, 'ND', 0.005605605605605605, 3.8183975558725045, 4.792836836836842, 'ND', 'ND', 'ND', 'ND', 'ND', 1.0000000000000013, 0.0010000000000000013, 3.8183975558725045, 448, 312, 'ND']
3
[1000, 2681, 0.18932664557664547, 5.362, 5.993581626706627, 0.1968981353327119, 1194.05887430636, 'ND', 'ND', 'ND', 'ND', 'ND', 0.19326145552560647, 1000, 1.9999999999999891, 2.0000000000000115, 0.983, 991.0000000000023, 0.009, 0.004, 1822, 1694, 0.030930379257812297, 0.43150340368812279, 'ND', 0.005367367367367367, 3.845041434219793, 4.803639639639647, 'ND', 'ND', 'ND', 10.985272826265694, 'ND', 1.0000000000000002, 0.0010000000000000002, 3.845041434219792, 432, 319, 'ND']
3
[1000, 2665, 0.19136956948280487, 5.33, 5.901957028755564, 0.19728765526110348, 1195.3552957719912, 'ND', 'ND', 'ND', 'ND', 'ND', 0.19126029132362254, 1000, 2.0000000000000036, 2.0000000000000058, 0.98, 993.0000000000022, 0.007, 0.001, 1799, 1677, 0.030044857674109353, 0.40623086730466085, 'ND', 0.005335335335335335, 3.772104770100765, 4.724970970970965, 'ND', 'ND', 'ND', 7.5135452661164654, 'ND', 1.0000000000000002, 0.0010000000000000002, 3.7721047701007655, 441, 307, 'ND']
3
[1000, 2649, 0.17379346209346197, 5.298, 5.927443240093234, 0.19981650945864232, 1202.3218099527178, 'ND', 'ND', 'ND', 'ND', 'ND', 0.19123505976095617, 1000, 1.9999999999999918, 2.0000000000000027, 0.991, 995.0000000000018, 0.005, 0.004, 1825, 1657, 0.026254826031718588, 0.41538465499014937, 'ND', 0.005303303303303303, 3.9095127191319543, 4.883769769769771, 'ND', 'ND', 'ND', 17.043021558870528, 'ND', 1.0, 0.001, 3.9095127191319565, 434, 317, 'ND']
3
[1000, 2736, 0.20584396714396713, 5.472, 6.147954906204902, 0.1981644534396117, 1201.1019978775735, 'ND', 'ND', 'ND', 'ND', 'ND', 0.20604237342379825, 1000, 1.999999999999993, 2.0000000000000027, 0.984, 996.0000000000013, 0.004, 0.004, 1788, 1744, 0.03146757114441525, 0.41989801733486148, 'ND', 0.005477477477477477, 3.8396452564789274, 4.800266266266267, 'ND', 'ND', 'ND', 'ND', 'ND', 0.9999999999999987, 0.0009999999999999987, 3.8396452564789225, 445, 309, 'ND']
3
[1000, 2622, 0.18230323010323013, 5.244, 5.7683132256632215, 0.19852391292034147, 1194.6658563101994, 'ND', 'ND', 'ND', 'ND', 'ND', 0.181274304516901, 1000, 1.829257358009618, 2.0000000000000018, 0.989, 993.000000000001, 0.007, 0.004, 1806, 1632, 0.033557950388530024, 0.3574604239178481, 'ND', 0.005249249249249249, 3.895446548753159, 4.865769769769758, 'ND', 'ND', 'ND', 13.42496881959635, 'ND', 0.999999999999999, 0.000999999999999999, 3.8954465487531618, 441, 317, 'ND']
3
[1000, 2683, 0.19387474747474742, 5.366, 5.965075685425681, 0.19926078505660977, 1193.2264438213351, 'ND', 'ND', 'ND', 'ND', 'ND', 0.2050203434245914, 1000, 1.906509253578491, 2.000000000000004, 0.99, 992.0000000000015, 0.008, 0.002, 1790, 1693, 0.026691808973145617, 0.39295780335974412, 'ND', 0.005371371371371371, 3.901458572801258, 4.873747747747742, 'ND', 'ND', 'ND', 14.197820948340254, 'ND', 1.0, 0.001, 3.9014585728012574, 444, 311, 'ND']
3
[1000, 2626, 0.18846666666666656, 5.252, 5.7583209956709975, 0.1961447607392921, 1194.839845200099, 'ND', 'ND', 'ND', 'ND', 'ND', 0.19769944341372914, 1000, 1.8837034969191415, 2.0000000000000004, 0.99, 992.0000000000024, 0.008, 0.002, 1782, 1636, 0.031026641342776454, 0.37511393173883811, 'ND', 0.005257257257257258, 3.9745497000006025, 4.946692692692687, 'ND', 'ND', 'ND', 'ND', 'ND', 1.0, 0.001, 3.9745497000005963, 448, 305, 'ND']
3
[1000, 2707, 0.1862369519369516, 5.414, 6.080679556554554, 0.200933083942296, 1195.8367189885334, 'ND', 'ND', 'ND', 'ND', 'ND', 0.19771913539318392, 1000, 2.0, 2.000000000000006, 0.989, 994.0000000000031, 0.006, 0.003, 1808, 1716, 0.02527239153792269, 0.39398722165691163, 'ND', 0.005419419419419419, 3.8496933807555047, 4.820112112112096, 'ND', 'ND', 'ND', 'ND', 'ND', 1.0000000000000007, 0.0010000000000000007, 3.849693380755506, 443, 318, 'ND']
3
[1000, 2673, 0.19460574425574387, 5.346, 5.993475305250301, 0.19902562196376253, 1190.237112650061, 'ND', 'ND', 'ND', 'ND', 'ND', 0.19628702544847726, 1000, 1.9999999999999947, 2.0000000000000044, 0.987, 991.000000000001, 0.009, 0.004, 1779, 1685, 0.03305020250228723, 0.31717535105024952, 'ND', 0.0053513513513513515, 3.8529852497788357, 4.81943943943944, 'ND', 'ND', 'ND', 21.801419362522886, 'ND', 0.9999999999999989, 0.000999999999999999, 3.852985249778836, 440, 316, 'ND']
