3
[1500, 5953, 0.19796030690442493, 7.937333333333333, 8.528483409401053, 0.23664287903550735, 1700.6797659751826, 'ND', 'ND', 'ND', 'ND', 'ND', 0.19644760970617084, 1500, 1.9999999999999907, 2.00000000000001, 0.9966666666666667, 1499.000000000003, 0.0006666666666666666, 0.0026666666666666666, 3777, 4457, 0.022195731742352308, 0.34980284529272881, 'ND', 0.005295085612630643, 3.2033727870204496, 4.192445630420299, 'ND', 'ND', 'ND', 29.373800738263046, 'ND', 0.9999999999999986, 0.0006666666666666657, 3.2033727870204505, 690, 367, 'ND']
3
[1500, 5959, 0.19332880865264773, 7.945333333333333, 8.538493633831484, 0.23819517610212582, 1696.6605711638933, 'ND', 'ND', 'ND', 'ND', 'ND', 0.18939602722011406, 1500, 1.6911528969932343, 1.716864513194958, 0.9986666666666667, 1498.0000000000014, 0.0013333333333333333, 0.0, 3832, 4462, 0.018015455543980385, 0.38754408085891401, 'ND', 0.005300422503891483, 3.2051648139257916, 4.1982254836557695, 'ND', 'ND', 'ND', 20.78390531730424, 'ND', 1.0, 0.0006666666666666666, 3.205164813925793, 690, 367, 'ND']
3
[1500, 5953, 0.19621127139114727, 7.937333333333333, 8.631000180126032, 0.23801967165025179, 1704.426922048994, 'ND', 'ND', 'ND', 'ND', 'ND', 0.19503934243406787, 1500, 1.9999999999999873, 1.999999999999997, 0.9966666666666667, 1500.000000000004, 0.0, 0.002, 3772, 4456, 0.01896178534366469, 0.43196180370301973, 10.441424190422071, 0.005295085612630643, 3.1817215036993947, 4.170824994440732, 'ND', 'ND', 'ND', 10.899808201217358, 'ND', 0.9999999999999999, 0.0006666666666666666, 3.181721503699394, 688, 370, 'ND']
3
[1500, 6018, 0.19896030260875475, 8.024, 8.657165041838105, 0.23764207872353865, 1695.549375076951, 'ND', 'ND', 'ND', 'ND', 'ND', 0.20197607479688073, 1500, 1.7314868310787823, 1.736724253768011, 0.9973333333333333, 1496.0000000000011, 0.0026666666666666666, 0.0, 3795, 4523, 0.01895806857423948, 0.40774949207643485, 'ND', 0.005352901934623082, 3.199819015970594, 4.190224594173908, 'ND', 'ND', 'ND', 23.240199197180992, 'ND', 1.0, 0.0006666666666666666, 3.1998190159705935, 693, 360, 'ND']
3
[1500, 6013, 0.18993961577924404, 8.017333333333333, 8.688620897738312, 0.23919482045327736, 1700.9046198390038, 'ND', 'ND', 'ND', 'ND', 'ND', 0.19649009038219917, 1500, 1.7147920119250963, 2.000000000000001, 0.998, 1499.000000000003, 0.0006666666666666666, 0.0013333333333333333, 3846, 4516, 0.016861080978200427, 0.43976367519905157, 'ND', 0.005348454525239048, 3.1810241095309633, 4.1727863019790865, 'ND', 'ND', 'ND', 14.367942645057811, 'ND', 1.000000000000001, 0.0006666666666666674, 3.1810241095309655, 692, 359, 'ND']
3
[1500, 5879, 0.1928382984519209, 7.838666666666667, 8.42927532958671, 0.23710097078010495, 1697.4728065458037, 'ND', 'ND', 'ND', 'ND', 'ND', 0.1870182467447633, 1500, 1.7112548783862302, 1.7719271474326028, 0.998, 1497.0000000000007, 0.002, 0.0, 3783, 4383, 0.02114556497923994, 0.39214498737718528, 'ND', 0.005229263953746942, 3.2185008073918455, 4.210212141427617, 'ND', 'ND', 'ND', 11.41569402126333, 'ND', 0.9999999999999994, 0.0006666666666666663, 3.2185008073918446, 690, 368, 'ND']
3
[1500, 5922, 0.19375289343725907, 7.896, 8.490568536694933, 0.23859369142800108, 1701.8697604075685, 0.0026666666666666666, 9, 6, 397, 6.822, 0.18863616966800376, 1500, 1.7227501501512745, 1.786439445715956, 1.0, 1500.0000000000016, 0.0, 0.0, 3805, 4423, 0.01720303195611276, 0.42473529596188547, 10.456664081643329, 0.005267511674449633, 3.2192854871650125, 4.214993106515443, 0.0018239625538746071, 7.434427444702337, 4.217881279093501, 21.1487245228192, 397, 1.0, 0.0006666666666666666, 3.2192854871650107, 697, 361, 4.214993106515455]
3
[1500, 6010, 0.19274372533784356, 8.013333333333334, 8.682967441110087, 0.24027820650899082, 1699.1875368554608, 0.02, 8, 6, 748, 6.521333333333334, 0.19131221347367555, 1500, 1.692883690570849, 1.7859903029985862, 1.0, 1500.0000000000043, 0.0, 0.0, 3841, 4511, 0.017333290547636295, 0.38514745348359042, 10.449382505104367, 0.005345786079608628, 3.1900278868600407, 4.185774516344226, 0.001831907991681507, 7.384321932938688, 4.192828523211664, 27.797879761325003, 748, 1.0000000000000002, 0.0006666666666666669, 3.190027886860041, 694, 379, 4.18577451634423]
3
[1500, 5963, 0.2007394180982413, 7.950666666666667, 8.492299744318863, 0.23850323726172015, 1698.796321572501, 'ND', 'ND', 'ND', 'ND', 'ND', 0.19236182190378712, 1500, 1.6717371271120338, 1.8311937499998623, 0.9993333333333333, 1499.0000000000027, 0.0006666666666666666, 0.0, 3759, 4465, 0.018616963805550925, 0.38317083885519759, 'ND', 0.00530398043139871, 3.211900946870668, 4.206285078941507, 'ND', 'ND', 'ND', 26.795860512197038, 'ND', 0.9999999999999993, 0.0006666666666666662, 3.211900946870677, 693, 351, 'ND']
3
[1500, 6107, 0.194924649762575, 8.142666666666667, 8.829732147470681, 0.24151148181761858, 1693.328484832915, 'ND', 'ND', 'ND', 'ND', 'ND', 0.19830163855998087, 1500, 1.6740034375636181, 1.7591918267718532, 0.9993333333333333, 1499.000000000002, 0.0006666666666666666, 0.0, 3862, 4609, 0.017143252883889595, 0.35783627157461795, 'ND', 0.005432065821658884, 3.1551768824966455, 4.149636646653321, 'ND', 'ND', 'ND', 27.023435505342594, 'ND', 0.9999999999999991, 0.0006666666666666661, 3.155176882496656, 695, 359, 'ND']
3
[1500, 6110, 0.20016074056662309, 8.146666666666667, 8.773097038963213, 0.23985448169962445, 1696.0386938865277, 'ND', 'ND', 'ND', 'ND', 'ND', 0.20045246174912187, 1500, 1.789496160673468, 1.8101400527464993, 0.9993333333333333, 1499.0000000000027, 0.0006666666666666666, 0.0, 3839, 4612, 0.02014561078320727, 0.4265580960683687, 'ND', 0.005434734267289304, 3.191592793059186, 4.186004002668456, 'ND', 'ND', 'ND', 26.849157930790373, 'ND', 0.9999999999999986, 0.0006666666666666657, 3.191592793059189, 697, 369, 'ND']
3
[1500, 5983, 0.18470495758111857, 7.977333333333333, 8.636448264222873, 0.23840617569788747, 1704.8543556194468, 'ND', 'ND', 'ND', 'ND', 'ND', 0.19034329920177293, 1500, 1.7560411240828773, 1.887037531354589, 0.998, 1500.0000000000002, 0.0, 0.0, 3896, 4485, 0.015925237691826667, 0.41461264605065812, 10.440882258596952, 0.005321770068934846, 3.1971470076624344, 4.188889481876791, 'ND', 'ND', 'ND', 24.929869312752732, 'ND', 0.999999999999999, 0.000666666666666666, 3.1971470076624304, 687, 375, 'ND']
3
[1500, 6038, 0.1968792960164474, 8.050666666666666, 8.705367542485032, 0.23872377855817498, 1697.2169330936986, 'ND', 'ND', 'ND', 'ND', 'ND', 0.19620963299944919, 1500, 1.7836701376566475, 1.8342564100073455, 0.9993333333333333, 1499.000000000001, 0.0006666666666666666, 0.0, 3820, 4540, 0.018433835495439928, 0.38522118396663785, 'ND', 0.005370691572159217, 3.2117931758689107, 4.206177451634426, 'ND', 'ND', 'ND', 19.005278610181513, 'ND', 1.0, 0.0006666666666666666, 3.211793175868918, 695, 365, 'ND']
3
[1500, 5967, 0.1992439093815257, 7.956, 8.623668934170412, 0.2380230404292182, 1699.7712188714722, 'ND', 'ND', 'ND', 'ND', 'ND', 0.19887557148152724, 1500, 1.717190055249668, 1.7889707814701044, 0.9986666666666667, 1498.0, 0.0013333333333333333, 0.0, 3812, 4470, 0.019014946382899696, 0.45016590149104846, 'ND', 0.005307538358905938, 3.2141481058578436, 4.207196797865246, 'ND', 'ND', 'ND', 20.108133993587693, 'ND', 0.9999999999999978, 0.0006666666666666652, 3.214148105857849, 688, 365, 'ND']
3
[1500, 6003, 0.20014917947549526, 8.004, 8.595626005908429, 0.23733639348914423, 1698.5544725543712, 'ND', 'ND', 'ND', 'ND', 'ND', 0.1980664352999504, 1500, 1.7205336093197914, 1.7767648498162985, 0.9966666666666667, 1498.0000000000007, 0.0013333333333333333, 0.0, 3820, 4507, 0.01894382366702011, 0.43473489182078057, 'ND', 0.0053395597064709805, 3.194858877881204, 4.183943962641753, 'ND', 'ND', 'ND', 16.895259086015557, 'ND', 1.0, 0.0006666666666666666, 3.194858877881205, 688, 368, 'ND']
3
[1500, 5994, 0.20866057330469118, 7.992, 8.630705660461535, 0.23783497319612054, 1701.8937318389092, 0.004666666666666667, 10, 6, 33, 7.609333333333334, 0.1990497932991917, 1500, 1.7092844191476968, 1.779552860806413, 1.0, 1500.000000000002, 0.0, 0.0, 3744, 4495, 0.023690787966917308, 0.39930836874733905, 10.447427102126184, 0.00533155436957972, 3.242382326980779, 4.238059150544818, 0.001777269452409714, 7.482329047619298, 4.241832080551965, 27.839588498602264, 33, 0.9999999999999996, 0.0006666666666666663, 3.242382326980787, 691, 358, 4.2380591505448075]
3
[1500, 5964, 0.19251286687169053, 7.952, 8.578522803721325, 0.23868830300831625, 1699.7940558026564, 'ND', 'ND', 'ND', 'ND', 'ND', 0.1885242457349357, 1500, 1.7087623534747522, 1.7591346210440966, 0.9993333333333333, 1499.0000000000048, 0.0006666666666666666, 0.0, 3815, 4466, 0.020752033653664896, 0.38182987344370301, 'ND', 0.005304869913275517, 3.2127844909512406, 4.207167444963311, 'ND', 'ND', 'ND', 'ND', 'ND', 1.0000000000000007, 0.0006666666666666671, 3.2127844909512455, 687, 377, 'ND']
3
[1500, 6050, 0.20298183086836338, 8.066666666666666, 8.696203020620572, 0.23824382062833213, 1699.7808457157178, 'ND', 'ND', 'ND', 'ND', 'ND', 0.20152968313706446, 1500, 1.8433071912631125, 1.999999999999993, 0.998, 1499.000000000004, 0.0006666666666666666, 0.0013333333333333333, 3816, 4553, 0.018219512997139236, 0.42150633112856239, 'ND', 0.005381365354680898, 3.199299755689369, 4.191037580609286, 'ND', 'ND', 'ND', 13.996557070608795, 'ND', 1.0000000000000002, 0.0006666666666666669, 3.1992997556893736, 692, 361, 'ND']
3
[1500, 6069, 0.1964033275920271, 8.092, 8.719612276904385, 0.24064493150425298, 1695.974557124172, 0.005333333333333333, 9, 6, 361, 6.928, 0.1987838248707814, 1500, 1.7250571352792141, 1.7546034518867302, 1.0, 1500.0000000000027, 0.0, 0.0, 3865, 4570, 0.017935623436129512, 0.40468296805339504, 10.456002554743211, 0.005398265510340227, 3.1825979224244723, 4.178354458527907, 0.0018873394784715669, 7.391596062929034, 4.1964655882068325, 21.48106128536299, 361, 0.9999999999999993, 0.0006666666666666662, 3.182597922424473, 698, 368, 4.178354458527908]
3
[1500, 6143, 0.20083641598053376, 8.190666666666667, 8.859957029136456, 0.24068444566466113, 1695.370328027333, 'ND', 'ND', 'ND', 'ND', 'ND', 0.20071921469530565, 1500, 1.7656827142988312, 1.784387381403458, 0.9986666666666667, 1498.0000000000025, 0.0013333333333333333, 0.0, 3881, 4646, 0.018422595631808376, 0.41566270270654632, 'ND', 0.005464087169223927, 3.1662621542977885, 4.159374694240609, 'ND', 'ND', 'ND', 26.716029491646307, 'ND', 1.000000000000001, 0.0006666666666666674, 3.166262154297794, 701, 359, 'ND']
