3
[800, 1704, 0.17526443001442993, 4.26, 4.778811282467533, 0.1732527852026833, 997.3727912343419, 'ND', 'ND', 'ND', 'ND', 'ND', 0.18293706293706294, 800, 2.000000000000011, 2.0000000000000226, 0.9775, 792.0000000000011, 0.01, 0.0125, 1211, 918, 0.0319031265737512, 0.37975448623709823, 'ND', 0.005331664580725907, 4.420318631371925, 5.364762202753433, 'ND', 'ND', 'ND', 12.078729299266342, 'ND', 0.9999999999999994, 0.0012499999999999994, 4.420318631371925, 348, 284, 'ND']
3
[800, 1727, 0.16843780525030524, 4.3175, 4.971135812104565, 0.17426744295666682, 991.9229179628724, 'ND', 'ND', 'ND', 'ND', 'ND', 0.2046488125315816, 800, 2.000000000000006, 2.0000000000000115, 0.97125, 788.0000000000017, 0.015, 0.01, 1230, 945, 0.030508391920272895, 0.44131909750067932, 'ND', 0.005403629536921152, 4.261783996913428, 5.194443053817262, 'ND', 'ND', 'ND', 8.178921929020042, 'ND', 0.9999999999999997, 0.0012499999999999996, 4.2617839969134375, 339, 290, 'ND']
3
[800, 1704, 0.1850617784992784, 4.26, 4.82077268217893, 0.1744636950306923, 1000.8490217392482, 'ND', 'ND', 'ND', 'ND', 'ND', 0.19975490196078433, 800, 2.000000000000007, 2.0000000000000075, 0.97125, 792.0000000000016, 0.01, 0.015, 1187, 920, 0.03534816281447489, 0.43200515304918907, 'ND', 0.005331664580725907, 4.251972233462256, 5.184662077596994, 'ND', 'ND', 'ND', 8.438416323193438, 'ND', 1.0000000000000002, 0.0012500000000000002, 4.2519722334622525, 337, 284, 'ND']
3
[800, 1669, 0.1787224927849925, 4.1725, 4.766524801587299, 0.16636332941253668, 994.2373771730948, 'ND', 'ND', 'ND', 'ND', 'ND', 0.19080975063042868, 800, 2.0000000000000044, 2.0000000000000147, 0.96375, 786.0000000000023, 0.0175, 0.015, 1182, 891, 0.035604144927977165, 0.40450007381418934, 'ND', 0.00522215269086358, 4.372056549383478, 5.289924906132663, 'ND', 'ND', 'ND', 9.564999576911944, 'ND', 1.000000000000001, 0.0012500000000000013, 4.372056549383471, 337, 302, 'ND']
3
[800, 1693, 0.18843551587301588, 4.2325, 4.751008432539689, 0.1674162626352802, 986.7870798689868, 'ND', 'ND', 'ND', 'ND', 'ND', 0.20059498512537186, 800, 2.0000000000000013, 2.0000000000000053, 0.9675, 786.0000000000006, 0.0175, 0.01, 1205, 913, 0.04599435595067287, 0.392366467691869, 'ND', 0.005297246558197747, 4.403308019736454, 5.328347934918649, 'ND', 'ND', 'ND', 5.426490363960075, 'ND', 1.0000000000000007, 0.001250000000000001, 4.403308019736452, 347, 280, 'ND']
3
[800, 1669, 0.18168244949494944, 4.1725, 4.729717261904762, 0.1682179500579833, 991.0304149774438, 'ND', 'ND', 'ND', 'ND', 'ND', 0.19477161735133583, 800, 2.0000000000000044, 2.000000000000012, 0.975, 786.000000000002, 0.0175, 0.0075, 1183, 887, 0.039167931222343536, 0.37158969540517428, 'ND', 0.00522215269086358, 4.53840169886543, 5.477659574468096, 'ND', 'ND', 'ND', 'ND', 'ND', 0.9999999999999991, 0.001249999999999999, 4.538401698865435, 346, 290, 'ND']
3
[800, 1693, 0.17658955627705647, 4.2325, 4.804658053751801, 0.1678704398261467, (992.4416126998733+0j), 'ND', 'ND', 'ND', 'ND', 'ND', 0.18480234669646597, 800, 'ND', 'ND', 0.95375, (788.0000000000019+0j), 0.015, 0.01625, 1211, 916, 0.029654065319778003, 0.37839609592704837, 'ND', 0.005297246558197747, 4.1001722077408775, 4.999571339173972, 'ND', 'ND', 'ND', 'ND', 'ND', 0.9999999999999999, 0.0012499999999999998, 4.100172207740876, 336, 280, 'ND']
3
[800, 1666, 0.16829960317460319, 4.165, 4.702454861111105, 0.1684361847071092, 980.9674842529655, 'ND', 'ND', 'ND', 'ND', 'ND', 0.1795171909290417, 800, 2.000000000000008, 2.0000000000000098, 0.9625, 781.000000000003, 0.02375, 0.01, 1209, 891, 0.0359508591245623, 0.32853309455156093, 'ND', 0.005212765957446809, 4.258932688416916, 5.174668335419275, 'ND', 'ND', 'ND', 'ND', 'ND', 1.0000000000000002, 0.0012500000000000002, 4.258932688416908, 340, 292, 'ND']
3
[800, 1758, 0.18954888167388156, 4.395, 4.968566964285713, 0.17224252198767062, 988.4816697744332, 'ND', 'ND', 'ND', 'ND', 'ND', 0.21165413533834587, 800, 2.0000000000000004, 2.000000000000005, 0.97125, 788.9999999999995, 0.01375, 0.00875, 1205, 975, 0.03525396272434935, 0.47220770883800128, 'ND', 0.005500625782227785, 4.338577984385239, 5.271051314142678, 'ND', 'ND', 'ND', 8.630963103589108, 'ND', 0.9999999999999997, 0.0012499999999999996, 4.338577984385238, 345, 278, 'ND']
3
[800, 1745, 0.18434136002886028, 4.3625, 4.927661487817738, 0.17273295863148797, 984.6588275194841, 'ND', 'ND', 'ND', 'ND', 'ND', 0.1995841995841996, 800, 2.000000000000006, 2.0000000000000155, 0.97, 786.0, 0.0175, 0.0125, 1223, 965, 0.04065861807819477, 0.38410158940369749, 'ND', 0.005459949937421777, 4.293026057007357, 5.223172715894865, 'ND', 'ND', 'ND', 7.501483422342166, 'ND', 1.0000000000000004, 0.0012500000000000005, 4.293026057007352, 347, 286, 'ND']
