3
[900, 2196, 0.022554433221099877, 4.88, 5.71980494505495, 0.215955309063369, 1085.7500755617677, 'ND', 'ND', 'ND', 'ND', 'ND', 0.026044492674986434, 900, 2.000000000000004, 2.000000000000006, 0.9822222222222222, 891.0000000000008, 0.01, 0.005555555555555556, 2053, 1309, 0.001945916232815947, 0.19951712057967236, 'ND', 0.00542825361512792, 3.400306205112834, 4.357503398838218, 'ND', 'ND', 'ND', 23.543018195271287, 'ND', 1.0000000000000009, 0.0011111111111111122, 3.400306205112834, 382, 324, 'ND']
3
[900, 2194, 0.021398539731873056, 4.875555555555556, 5.734874616124621, 0.2173712022730789, 1078.2792389399203, 'ND', 'ND', 'ND', 'ND', 'ND', 0.028820010875475803, 900, 1.8367516336437386, 1.9066256956732373, 0.9877777777777778, 889.0000000000018, 0.012222222222222223, 0.0, 2041, 1306, 0.0016960160823586063, 0.19143031078148798, 'ND', 0.005423309850451119, 3.4567187991606585, 4.424728710913367, 'ND', 'ND', 'ND', 21.411241637897035, 'ND', 1.0000000000000007, 0.0011111111111111118, 3.4567187991606603, 390, 322, 'ND']
3
[900, 2227, 0.02952247752247752, 4.948888888888889, 5.898329186245851, 0.22055165331979162, 1079.1181487341858, 'ND', 'ND', 'ND', 'ND', 'ND', 0.029141370338248047, 900, 1.8609335146037902, 1.8644985830112686, 0.99, 891.0000000000014, 0.01, 0.0, 2046, 1337, 0.0027488966156055976, 0.17576959041685972, 'ND', 0.005504881967618341, 3.4286425649880745, 4.401112347052275, 'ND', 'ND', 'ND', 23.01303202606985, 'ND', 1.0000000000000018, 0.001111111111111113, 3.42864256498807, 398, 320, 'ND']
3
[900, 2047, 0.017750521083854404, 4.5488888888888885, 5.313380190796856, 0.2104599142604301, 1098.1055530360336, 'ND', 'ND', 'ND', 'ND', 'ND', 0.023778071334214, 900, 1.870224190600705, 1.8832205422327006, 0.9966666666666667, 897.0000000000009, 0.0033333333333333335, 0.0, 1934, 1151, 0.0021723811070289683, 0.1796883565312177, 'ND', 0.0050599431467062165, 3.743783615053598, 4.728804844889374, 'ND', 'ND', 'ND', 22.667394654876645, 'ND', 1.0, 0.0011111111111111111, 3.743783615053599, 394, 324, 'ND']
3
[900, 2176, 0.028927282593949274, 4.835555555555556, 5.619722943722942, 0.2152167988785508, 1078.4001617452234, 'ND', 'ND', 'ND', 'ND', 'ND', 0.028478362028850627, 900, 1.8607086808054392, 1.8882891325781546, 0.9866666666666667, 888.0000000000007, 0.013333333333333334, 0.0, 2025, 1289, 0.002440298224892201, 0.25075451699308438, 'ND', 0.0053788159683599065, 3.48369507321919, 4.449450006179709, 'ND', 'ND', 'ND', 20.235437076164107, 'ND', 0.9999999999999994, 0.0011111111111111105, 3.4836950732191854, 381, 330, 'ND']
3
[900, 2135, 0.024771604938271605, 4.7444444444444445, 5.533167526917532, 0.21379291753801938, 1081.49021881778, 'ND', 'ND', 'ND', 'ND', 'ND', 0.02522005736326773, 900, 1.8661337851116166, 2.0000000000000044, 0.9866666666666667, 890.0000000000011, 0.011111111111111112, 0.0022222222222222222, 2004, 1247, 0.0020674773402759804, 0.17288304526932488, 'ND', 0.005277468792485478, 3.504713229993236, 4.470423927821026, 'ND', 'ND', 'ND', 22.489856372726415, 'ND', 1.0000000000000007, 0.0011111111111111118, 3.5047132299932375, 386, 321, 'ND']
3
[900, 2119, 0.01621516754850087, 4.708888888888889, 5.590841846425175, 0.21455543197902255, 1087.5184227192588, 'ND', 'ND', 'ND', 'ND', 'ND', 0.024759284731774415, 900, 1.8605692468058517, 2.0000000000000107, 0.9888888888888889, 892.000000000002, 0.008888888888888889, 0.0022222222222222222, 1995, 1229, 0.0019695661099301837, 0.16866877679100589, 'ND', 0.005237918675071067, 3.529189819918693, 4.499238660239774, 'ND', 'ND', 'ND', 23.14280815646027, 'ND', 0.9999999999999996, 0.0011111111111111107, 3.529189819918691, 387, 330, 'ND']
3
[900, 2132, 0.02111159211159209, 4.737777777777778, 5.400102813852812, 0.21215554784259225, 1087.6463681652695, 'ND', 'ND', 'ND', 'ND', 'ND', 0.027327327327327327, 900, 1.8782451551427997, 1.909272102991678, 0.9888888888888889, 890.0000000000005, 0.011111111111111112, 0.0, 1994, 1243, 0.0024914333992028075, 0.22702507249554787, 'ND', 0.005270053145470276, 3.584839378572088, 4.554762081324922, 'ND', 'ND', 'ND', 23.6302233348785, 'ND', 0.9999999999999998, 0.001111111111111111, 3.5848393785720885, 395, 327, 'ND']
3
[900, 2144, 0.0241938246938247, 4.764444444444444, 5.687715589965593, 0.21593090372548987, 1082.3902644659781, 'ND', 'ND', 'ND', 'ND', 'ND', 0.023548326082844715, 900, 1.8389312092988732, 1.999999999999988, 0.9866666666666667, 890.0000000000008, 0.011111111111111112, 0.0022222222222222222, 2019, 1256, 0.0014571374299431894, 0.17844308249547375, 'ND', 0.005299715733531084, 3.4651072337241806, 4.4309059448770185, 'ND', 'ND', 'ND', 21.47859350177378, 'ND', 0.9999999999999998, 0.001111111111111111, 3.4651072337241837, 391, 325, 'ND']
3
[900, 2114, 0.020774571107904427, 4.697777777777778, 5.480852212602216, 0.21167511991606838, 1087.0753520751762, 'ND', 'ND', 'ND', 'ND', 'ND', 0.022188905547226388, 900, 1.9081448041114633, 1.9999999999999978, 0.9866666666666667, 890.0000000000005, 0.011111111111111112, 0.0022222222222222222, 2000, 1226, 0.0020663146474921013, 0.17027228364596389, 'ND', 0.005225559263379063, 3.5616287337328507, 4.527212952663448, 'ND', 'ND', 'ND', 23.034691291493555, 'ND', 0.9999999999999999, 0.001111111111111111, 3.56162873373285, 396, 328, 'ND']
3
[900, 2220, 0.02657402474069141, 4.933333333333334, 5.777331276747944, 0.2188598148585514, 1081.0143062493094, 'ND', 'ND', 'ND', 'ND', 'ND', 0.02897254761691854, 900, 1.869374556884403, 2.0000000000000053, 0.9888888888888889, 892.0000000000019, 0.008888888888888889, 0.0022222222222222222, 2060, 1330, 0.0022005172322260053, 0.18656700846151533, 'ND', 0.005487578791249536, 3.442312790009187, 4.412554690396739, 'ND', 'ND', 'ND', 23.094758364995766, 'ND', 0.999999999999999, 0.00111111111111111, 3.4423127900091886, 386, 312, 'ND']
3
[900, 2158, 0.02362028095361429, 4.795555555555556, 5.554292032042035, 0.2121476966013126, 1087.0100985478396, 'ND', 'ND', 'ND', 'ND', 'ND', 0.030169523991954793, 900, 1.9999999999999998, 2.000000000000003, 0.98, 890.0000000000015, 0.011111111111111112, 0.008888888888888889, 1997, 1273, 0.0015929948140217447, 0.19337046711357958, 'ND', 0.005334322086268693, 3.436367059662924, 4.389118773946359, 'ND', 'ND', 'ND', 23.72682568924088, 'ND', 0.9999999999999999, 0.001111111111111111, 3.4363670596629237, 391, 326, 'ND']
3
[900, 2131, 0.024488055154721817, 4.735555555555556, 5.439128827962163, 0.21038409795664523, 1080.4020483775116, 'ND', 'ND', 'ND', 'ND', 'ND', 0.023470411233701104, 900, 1.94026662690937, 2.0000000000000053, 0.98, 888.0000000000026, 0.013333333333333334, 0.0011111111111111111, 2016, 1246, 0.0025860344506326307, 0.18645714432733398, 'ND', 0.005267581263131875, 3.4725716026963873, 4.425247806204422, 'ND', 'ND', 'ND', 23.103125732803917, 'ND', 1.000000000000001, 0.0011111111111111124, 3.4725716026963878, 386, 325, 'ND']
3
[900, 2089, 0.021708674042007374, 4.642222222222222, 5.423542448292446, 0.2100404545083093, 1087.573391285046, 'ND', 'ND', 'ND', 'ND', 'ND', 0.028465346534653466, 900, 2.0, 2.00000000000002, 0.9844444444444445, 890.0000000000018, 0.011111111111111112, 0.0044444444444444444, 1956, 1202, 0.002110754953479463, 0.15847315166628528, 'ND', 0.005163762204919046, 3.550131177675763, 4.511360771227289, 'ND', 'ND', 'ND', 23.698140195211234, 'ND', 0.9999999999999994, 0.0011111111111111105, 3.550131177675766, 385, 332, 'ND']
3
[900, 2141, 0.02095582812249478, 4.757777777777778, 5.495179413179418, 0.21403577148479494, 1083.587695234663, 'ND', 'ND', 'ND', 'ND', 'ND', 0.025805813723551514, 900, 1.8513860290885933, 1.856844804829004, 0.9888888888888889, 890.0000000000019, 0.011111111111111112, 0.0, 2012, 1252, 0.0028933333857219176, 0.17846598905946126, 'ND', 0.005292300086515882, 3.5380935511122207, 4.508120133481648, 'ND', 'ND', 'ND', 24.191263501498053, 'ND', 1.0, 0.0011111111111111111, 3.5380935511122193, 391, 315, 'ND']
3
[900, 2287, 0.031299502966169616, 5.082222222222223, 5.93625921917589, 0.2222656475692852, 1068.260097696722, 'ND', 'ND', 'ND', 'ND', 'ND', 0.03814852492370295, 900, 1.8203340682865246, 1.8292597793908367, 0.9877777777777778, 889.0000000000016, 0.012222222222222223, 0.0, 2079, 1399, 0.0022299813071369984, 0.16456368143844549, 'ND', 0.0056531949079223825, 3.3494776428152035, 4.3177258682486634, 'ND', 'ND', 'ND', 23.069838684691113, 'ND', 0.9999999999999994, 0.0011111111111111105, 3.3494776428152013, 388, 317, 'ND']
3
[900, 2168, 0.026519270852604193, 4.817777777777778, 5.593032951616281, 0.21601425470454985, 1094.5210485370042, 'ND', 'ND', 'ND', 'ND', 'ND', 0.025231769091082865, 900, 1.8894867042570094, 2.000000000000006, 0.9922222222222222, 898.0000000000028, 0.0022222222222222222, 0.0022222222222222222, 2019, 1273, 0.0021076780281596226, 0.20621956342716385, 'ND', 0.0053590409096527, 3.5595774567633924, 4.536173526140154, 'ND', 'ND', 'ND', 23.552764875445256, 'ND', 1.0000000000000007, 0.0011111111111111118, 3.5595774567633884, 395, 317, 'ND']
3
[900, 2207, 0.024316257816257826, 4.904444444444445, 5.805797619047618, 0.21781305241058824, 1071.3363853542694, 'ND', 'ND', 'ND', 'ND', 'ND', 0.025387493319080707, 900, 1.8265969444104277, 1.8543887018512595, 0.9844444444444445, 886.000000000002, 0.015555555555555555, 0.0, 2064, 1322, 0.0023713351556482153, 0.19064119872481711, 'ND', 0.0054554443208503275, 3.3918880418975776, 4.353464343097269, 'ND', 'ND', 'ND', 22.613235297752738, 'ND', 0.9999999999999988, 0.0011111111111111098, 3.3918880418975736, 388, 311, 'ND']
3
[900, 2143, 0.016462882796216112, 4.762222222222222, 5.529102653519315, 0.21453125893100505, 1086.7650819705027, 'ND', 'ND', 'ND', 'ND', 'ND', 0.022534097647756473, 900, 1.9014952175931084, 1.9999999999999996, 0.99, 893.0000000000007, 0.0077777777777777776, 0.0022222222222222222, 2021, 1252, 0.0014591809013576721, 0.16057317975790969, 'ND', 0.005297243851192683, 3.547844548880099, 4.520051909529107, 'ND', 'ND', 'ND', 23.67131306247186, 'ND', 1.0000000000000007, 0.0011111111111111118, 3.547844548880094, 390, 333, 'ND']
3
[900, 2126, 0.022168923668923663, 4.724444444444444, 5.582497943414606, 0.21274674196825372, 1079.2309613601656, 'ND', 'ND', 'ND', 'ND', 'ND', 0.022196598443355434, 900, 1.8816855628701346, 1.9999999999999944, 0.9811111111111112, 885.0000000000008, 0.016666666666666666, 0.0022222222222222222, 2013, 1243, 0.001776963452910599, 0.19283123957353626, 'ND', 0.005255221851439872, 3.443635715011234, 4.398544061302672, 'ND', 'ND', 'ND', 20.977063084195315, 'ND', 0.9999999999999986, 0.0011111111111111096, 3.443635715011234, 389, 332, 'ND']
