3
[1200, 3804, 0.10531036093536121, 6.34, 7.003378601722352, 0.23087955364660098, 1398.40892421927, 'ND', 'ND', 'ND', 'ND', 'ND', 0.10331026432085383, 1200, 1.8387331150085287, 2.0000000000000036, 0.9966666666666667, 1197.999999999999, 0.0016666666666666668, 0.0016666666666666668, 2925, 2608, 0.008996343937827262, 0.28508801939170114, 'ND', 0.0052877397831526275, 3.3154395496525297, 4.3032568807339455, 'ND', 'ND', 'ND', 26.230483791510476, 'ND', 0.9999999999999992, 0.0008333333333333327, 3.3154395496525386, 533, 349, 'ND']
3
[1200, 3801, 0.11272124634624667, 6.335, 7.050203267797027, 0.22996859878798578, 1395.4500541193893, 'ND', 'ND', 'ND', 'ND', 'ND', 0.1152481546429591, 1200, 1.8165387020871497, 1.8235840444110964, 0.9958333333333333, 1195.000000000002, 0.004166666666666667, 0.0, 2888, 2607, 0.010372451542072917, 0.35524268928775721, 'ND', 0.005283569641367806, 3.3232089623935313, 4.309350847928809, 'ND', 'ND', 'ND', 20.012019261312034, 'ND', 0.9999999999999997, 0.0008333333333333331, 3.3232089623935313, 537, 355, 'ND']
3
[1200, 3765, 0.1092386548636552, 6.275, 6.9671079291079225, 0.22991683040362057, 1404.7323965518183, 'ND', 'ND', 'ND', 'ND', 'ND', 0.11051056045235323, 1200, 1.821938245803588, 1.8472027695512854, 0.9983333333333333, 1198.0000000000032, 0.0016666666666666668, 0.0, 2844, 2568, 0.009878241607421154, 0.35393191656841483, 'ND', 0.005233527939949958, 3.3688090102909842, 4.359862385321107, 'ND', 'ND', 'ND', 22.98706077597135, 'ND', 1.0, 0.0008333333333333334, 3.368809010290994, 530, 355, 'ND']
3
[1200, 3889, 0.11390599446849475, 6.4816666666666665, 7.223346636002886, 0.23169799158664442, 1395.0818310702616, 'ND', 'ND', 'ND', 'ND', 'ND', 0.12259531978873511, 1200, 1.8155199970140952, 1.8832017014666063, 0.9966666666666667, 1196.0000000000032, 0.0033333333333333335, 0.0, 2940, 2694, 0.009354079500697861, 0.35682797545424177, 'ND', 0.005405893800389213, 3.3079235478647413, 4.295752015568532, 'ND', 'ND', 'ND', 20.91767818030423, 'ND', 1.000000000000001, 0.0008333333333333343, 3.307923547864735, 542, 355, 'ND']
3
[1200, 3846, 0.11000240962740968, 6.41, 7.1061832750582745, 0.23180636183605102, 1397.8929577495544, 'ND', 'ND', 'ND', 'ND', 'ND', 0.11530155175171973, 1200, 1.7913026588932455, 1.9489219704586624, 0.9983333333333333, 1197.9999999999998, 0.0016666666666666668, 0.0, 2886, 2649, 0.00885274862048443, 0.35904362427452391, 'ND', 0.005346121768140117, 3.32972245931153, 4.3208409785932735, 'ND', 'ND', 'ND', 19.31781963039421, 'ND', 1.0000000000000002, 0.0008333333333333335, 3.3297224593115295, 539, 343, 'ND']
3
[1200, 3938, 0.11638332732082764, 6.5633333333333335, 7.240820322039067, 0.23207028169946262, 1394.4481393582082, 'ND', 'ND', 'ND', 'ND', 'ND', 0.12231537843114736, 1200, 2.000000000000004, 2.000000000000011, 0.9925, 1198.0000000000011, 0.0016666666666666668, 0.0033333333333333335, 2933, 2744, 0.010651888956059341, 0.3702183544968784, 'ND', 0.005474006116207951, 3.2301403089107343, 4.209813733666946, 'ND', 'ND', 'ND', 15.077020176266496, 'ND', 0.9999999999999992, 0.0008333333333333327, 3.2301403089107326, 544, 340, 'ND']
3
[1200, 3870, 0.12031789506789513, 6.45, 7.1408250511063, 0.23144923715099955, 1394.9278363768385, 'ND', 'ND', 'ND', 'ND', 'ND', 0.11388766915492396, 1200, 1.795596018083603, 2.0000000000000036, 0.9958333333333333, 1197.0000000000027, 0.0025, 0.0016666666666666668, 2896, 2675, 0.011414648818940942, 0.29957010603591844, 'ND', 0.005379482902418682, 3.294460742883955, 4.280651932165694, 'ND', 'ND', 'ND', 25.330829343196257, 'ND', 0.9999999999999989, 0.0008333333333333324, 3.2944607428839543, 536, 351, 'ND']
3
[1200, 3754, 0.1026894124394128, 6.256666666666667, 6.8670470062345, 0.2293550672180701, 1401.5843488894968, 'ND', 'ND', 'ND', 'ND', 'ND', 0.11055081458494957, 1200, 1.7634662928226288, 1.775309733469994, 0.9991666666666666, 1199.0000000000027, 0.0008333333333333334, 0.0, 2873, 2556, 0.009516088311423207, 0.34445680817800334, 'ND', 0.005218237420072282, 3.3814614571686774, 4.3741590214067365, 'ND', 'ND', 'ND', 20.046569513213363, 'ND', 1.0000000000000002, 0.0008333333333333335, 3.3814614571686796, 549, 344, 'ND']
3
[1200, 3773, 0.10905090742590756, 6.288333333333333, 6.971264036889047, 0.22927563084105662, 1399.132921740145, 'ND', 'ND', 'ND', 'ND', 'ND', 0.11399924169018831, 1200, 1.7989969318049877, 2.000000000000001, 0.9966666666666667, 1198.0000000000005, 0.0016666666666666668, 0.0016666666666666668, 2886, 2577, 0.011914228802016815, 0.33242053443167258, 'ND', 0.005244648318042814, 3.3451457182599307, 4.332913539060323, 'ND', 'ND', 'ND', 24.093252851987923, 'ND', 1.0, 0.0008333333333333334, 3.345145718259927, 552, 347, 'ND']
3
[1200, 3630, 0.09894037444037475, 6.05, 6.68875442381692, 0.22531349264170372, 1402.895379802321, 'ND', 'ND', 'ND', 'ND', 'ND', 0.10526557829386066, 1200, 1.7759313436755717, 2.000000000000011, 0.9941666666666666, 1195.0, 0.004166666666666667, 0.0016666666666666668, 2808, 2437, 0.008392964444796602, 0.30938226016187326, 'ND', 0.005045871559633028, 3.381997518800444, 4.3647247706422085, 'ND', 'ND', 'ND', 19.047358117147823, 'ND', 1.0, 0.0008333333333333334, 3.381997518800445, 529, 364, 'ND']
3
[1200, 3843, 0.11172234900176087, 6.405, 7.109044802283776, 0.23250649963846073, 1396.1709380205878, 'ND', 'ND', 'ND', 'ND', 'ND', 0.11091699508389875, 1200, 1.7434895871492087, 2.0000000000000067, 0.9975, 1199.0000000000007, 0.0008333333333333334, 0.0016666666666666668, 2924, 2646, 0.009980486110709414, 0.29126410730116303, 'ND', 0.005341951626355296, 3.2960536117326478, 4.285565749235461, 'ND', 'ND', 'ND', 25.197665466146397, 'ND', 1.0000000000000016, 0.0008333333333333346, 3.2960536117326504, 545, 358, 'ND']
3
[1200, 3887, 0.11249266243016255, 6.4783333333333335, 7.209130673724423, 0.23311769738592897, 1396.4089982752282, 'ND', 'ND', 'ND', 'ND', 'ND', 0.1182522251762802, 1200, 1.7836598891571191, 1.7854098255959026, 0.9975, 1196.9999999999998, 0.0025, 0.0, 2923, 2691, 0.010016628951532798, 0.37290236312601827, 'ND', 0.0054031137058659995, 3.292993187143988, 4.282509035307198, 'ND', 'ND', 'ND', 17.401045926708964, 'ND', 0.9999999999999989, 0.0008333333333333324, 3.292993187143989, 533, 362, 'ND']
3
[1200, 3773, 0.10669741369741383, 6.288333333333333, 6.971161821974327, 0.22976134689616245, 1397.806533638216, 'ND', 'ND', 'ND', 'ND', 'ND', 0.11355711464941394, 1200, 1.786625956518756, 1.7989514421234076, 0.9975, 1197.0000000000027, 0.0025, 0.0, 2873, 2577, 0.010165558048598514, 0.33868706006281707, 'ND', 0.005244648318042814, 3.350265454935312, 4.339685849318864, 'ND', 'ND', 'ND', 21.287839357115686, 'ND', 0.9999999999999998, 0.0008333333333333332, 3.3502654549353186, 540, 353, 'ND']
3
[1200, 3732, 0.10575820013320035, 6.22, 6.959339200151708, 0.22932740448074193, 1400.9784371648286, 'ND', 'ND', 'ND', 'ND', 'ND', 0.10853742079123138, 1200, 1.7545974600870324, 1.7736682864915925, 0.9983333333333333, 1197.9999999999998, 0.0016666666666666668, 0.0, 2876, 2535, 0.01097382356238249, 0.29459436010489737, 'ND', 0.00518765638031693, 3.371248438807516, 4.362297748123434, 'ND', 'ND', 'ND', 26.1449293565495, 'ND', 1.0000000000000002, 0.0008333333333333335, 3.3712484388075157, 541, 358, 'ND']
3
[1200, 3806, 0.10960708735708755, 6.343333333333334, 6.980775793650798, 0.22949242911924927, 1399.8753338189154, 'ND', 'ND', 'ND', 'ND', 'ND', 0.11003383117418929, 1200, 1.7922541244903574, 1.9999999999999998, 0.9958333333333333, 1197.0000000000036, 0.0025, 0.0016666666666666668, 2913, 2611, 0.009652654090858493, 0.36246980594094319, 'ND', 0.005290519877675841, 3.333882854521226, 4.3200083402835645, 'ND', 'ND', 'ND', 23.02264428135725, 'ND', 0.9999999999999993, 0.0008333333333333327, 3.333882854521222, 545, 345, 'ND']
3
[1200, 3946, 0.12166668979168996, 6.576666666666667, 7.265926855551852, 0.23059134254860197, 1391.593212570392, 'ND', 'ND', 'ND', 'ND', 'ND', 0.11989131665345862, 1200, 1.784374682078592, 1.9554501670149012, 0.9916666666666667, 1195.0000000000011, 0.004166666666666667, 0.0, 2933, 2753, 0.01685012911517773, 0.35521101353349527, 'ND', 0.005485126494300806, 3.2578776693432565, 4.235857659160402, 'ND', 'ND', 'ND', 25.36580778522705, 'ND', 0.9999999999999991, 0.0008333333333333326, 3.257877669343257, 547, 354, 'ND']
3
[1200, 3853, 0.09500327219077259, 6.421666666666667, 7.154520110676368, 0.23281916220190133, 1393.9497151342605, 'ND', 'ND', 'ND', 'ND', 'ND', 0.10147215534593677, 1200, 1.766749147731664, 1.8221283896840141, 0.9958333333333333, 1195.000000000001, 0.004166666666666667, 0.0, 2990, 2659, 0.008633699614080826, 0.33891411213712913, 'ND', 0.005355852098971365, 3.2713530056349054, 4.257581317764795, 'ND', 'ND', 'ND', 24.410362776817312, 'ND', 0.9999999999999991, 0.0008333333333333326, 3.2713530056349156, 543, 359, 'ND']
3
[1200, 3826, 0.1135749851999853, 6.376666666666667, 6.950044036981529, 0.23154643495362673, 1395.9410742939233, 0.0225, 8, 6, 478, 6.6241666666666665, 0.1142070717764133, 1200, 1.7202634892914466, 1.739716982791901, 1.0, 1200.0000000000011, 0.0, 0.0, 2878, 2627, 0.009238269308687224, 0.29267381693882466, 10.134323369570117, 0.005318320822907979, 3.347507174175474, 4.341927995551862, 0.0017961762457920408, 7.391456990871414, 4.196563219976608, 26.24098772534389, 478, 1.0000000000000007, 0.0008333333333333339, 3.347507174175473, 546, 344, 4.341927995551849]
3
[1200, 3878, 0.11619229844229871, 6.463333333333333, 7.094372638935142, 0.23203176327137445, 1393.1247946100311, 'ND', 'ND', 'ND', 'ND', 'ND', 0.11394852378458936, 1200, 1.7910110918915414, 2.000000000000003, 0.9958333333333333, 1197.000000000002, 0.0025, 0.0016666666666666668, 2902, 2683, 0.010766195251830346, 0.30576883408106897, 'ND', 0.0053906032805115375, 3.2794955729663435, 4.265711704197932, 'ND', 'ND', 'ND', 24.9294253810573, 'ND', 1.0000000000000013, 0.0008333333333333345, 3.2794955729663386, 544, 346, 'ND']
3
[1200, 3829, 0.11239451289451317, 6.381666666666667, 7.030495546120551, 0.2319369084065938, 1399.9029814637258, 'ND', 'ND', 'ND', 'ND', 'ND', 0.11026802105005508, 1200, 1.8057845769102245, 1.8268037889462234, 0.9983333333333333, 1198.000000000002, 0.0016666666666666668, 0.0, 2887, 2632, 0.008146066213270985, 0.33975962394768799, 'ND', 0.0053224909646928, 3.326159389920096, 4.317283847650811, 'ND', 'ND', 'ND', 25.939723902366534, 'ND', 0.9999999999999992, 0.0008333333333333327, 3.326159389920091, 545, 337, 'ND']
