3
[1100, 3221, 0.19264214068759514, 5.856363636363636, 6.4789560061151015, 0.21253411942807132, 1300.147699705701, 'ND', 'ND', 'ND', 'ND', 'ND', 0.18497542209873905, 1100, 1.8349780031074883, 1.837800084576578, 0.9990909090909091, 1099.0000000000023, 0.0009090909090909091, 0.0, 2148, 2123, 0.02533034153086207, 0.32568012727206663, 'ND', 0.005328811316072463, 3.7390275312380385, 4.730411117544867, 'ND', 'ND', 'ND', 23.327674088514982, 'ND', 0.9999999999999997, 0.0009090909090909088, 3.7390275312380323, 495, 335, 'ND']
3
[1100, 3240, 0.18861612125248514, 5.890909090909091, 6.465605241980235, 0.20989889236427078, 1299.4557352306824, 'ND', 'ND', 'ND', 'ND', 'ND', 0.18650060689218428, 1100, 1.846695749288941, 2.0000000000000036, 0.9927272727272727, 1097.000000000001, 0.0027272727272727275, 0.0018181818181818182, 2173, 2146, 0.024271239962452177, 0.36792434842781507, 'ND', 0.005360244850690711, 3.6944083957762595, 4.673198775746542, 'ND', 'ND', 'ND', 19.04359558089983, 'ND', 0.9999999999999992, 0.0009090909090909083, 3.6944083957762595, 491, 305, 'ND']
3
[1100, 3268, 0.19093883893883917, 5.941818181818181, 6.548613850795672, 0.21076291859580765, 1295.206085758516, 'ND', 'ND', 'ND', 'ND', 'ND', 0.19891354013301518, 1100, 1.9999999999999996, 2.0000000000000187, 0.990909090909091, 1094.000000000003, 0.005454545454545455, 0.0036363636363636364, 2151, 2177, 0.024482482674632492, 0.41093018291935796, 'ND', 0.005406567954338655, 3.6426640545884617, 4.617936967491107, 'ND', 'ND', 'ND', 17.39381739567684, 'ND', 1.0000000000000009, 0.0009090909090909098, 3.6426640545884594, 485, 332, 'ND']
3
[1100, 3273, 0.18661835639108365, 5.950909090909091, 6.590663450186178, 0.21000686633260435, 1290.0127657832484, 'ND', 'ND', 'ND', 'ND', 'ND', 0.19444444444444445, 1100, 1.8872160103262237, 2.0000000000000018, 0.99, 1091.0000000000032, 0.008181818181818182, 0.0018181818181818182, 2191, 2184, 0.02766957708488705, 0.38380700557505942, 'ND', 0.005414839937132931, 3.6485379157405906, 4.621996856646541, 'ND', 'ND', 'ND', 'ND', 'ND', 1.0, 0.0009090909090909091, 3.648537915740587, 492, 327, 'ND']
3
[1100, 3332, 0.20768830159739246, 6.058181818181819, 6.790145926043655, 0.21225684612809972, 1294.4021038759056, 'ND', 'ND', 'ND', 'ND', 'ND', 0.20905478285552087, 1100, 1.8349849506797282, 1.8770657593254299, 0.9954545454545455, 1095.000000000002, 0.004545454545454545, 0.0, 2163, 2238, 0.03298866947900563, 0.41645753750932307, 'ND', 0.005512449334105385, 3.7023407601876848, 4.686534866407478, 'ND', 'ND', 'ND', 13.144201621632382, 'ND', 1.0000000000000004, 0.0009090909090909095, 3.702340760187689, 492, 330, 'ND']
3
[1100, 3148, 0.17801081746536296, 5.723636363636364, 6.317091171454816, 0.20817022751934255, 1305.2474210322032, 'ND', 'ND', 'ND', 'ND', 'ND', 0.18755182134763143, 1100, 1.8778837061996363, 1.9999999999999933, 0.9945454545454545, 1096.000000000002, 0.0036363636363636364, 0.0018181818181818182, 2141, 2054, 0.025505219741237622, 0.3877218279635366, 'ND', 0.005208040367276036, 3.764528441984851, 4.74680122425345, 'ND', 'ND', 'ND', 'ND', 'ND', 0.9999999999999982, 0.0009090909090909075, 3.7645284419848535, 490, 323, 'ND']
3
[1100, 3124, 0.19302466220648037, 5.68, 6.2106862783680965, 0.20685325050447104, 1304.420561784101, 'ND', 'ND', 'ND', 'ND', 'ND', 0.17996204060504975, 1100, 1.839397558808295, 1.8932902855559766, 0.9945454545454545, 1097.0000000000023, 0.0027272727272727275, 0.0, 2094, 2029, 0.024222985212886794, 0.35444574147494096, 'ND', 0.005168334849863512, 3.794154646300409, 4.776376871536104, 'ND', 'ND', 'ND', 21.492263819772376, 'ND', 1.0000000000000002, 0.0009090909090909093, 3.7941546463004143, 494, 323, 'ND']
3
[1100, 3248, 0.19340352547037054, 5.905454545454545, 6.55953697757976, 0.20810540275145675, 1297.912432910276, 'ND', 'ND', 'ND', 'ND', 'ND', 0.19716240182417025, 1100, 1.8742960407757863, 1.9999999999999976, 0.9854545454545455, 1094.0000000000005, 0.005454545454545455, 0.0018181818181818182, 2138, 2158, 0.030663532785134517, 0.39646887409690657, 'ND', 0.005373480023161552, 3.61948351788594, 4.584033418810488, 'ND', 'ND', 'ND', 19.58803868084386, 'ND', 1.0000000000000002, 0.0009090909090909093, 3.6194835178859415, 488, 328, 'ND']
3
[1100, 3247, 0.20813338176974538, 5.903636363636363, 6.475258776576962, 0.2085260939323314, 1297.676314461002, 'ND', 'ND', 'ND', 'ND', 'ND', 0.19262615216372442, 1100, 1.8010506537099074, 1.9999999999999964, 0.9945454545454545, 1096.0000000000027, 0.0036363636363636364, 0.0018181818181818182, 2144, 2153, 0.02830808720456588, 0.40887202330207262, 'ND', 0.005371825626602697, 3.7662190002171108, 4.748488708743486, 'ND', 'ND', 'ND', 'ND', 'ND', 0.9999999999999994, 0.0009090909090909085, 3.766219000217122, 497, 322, 'ND']
3
[1100, 3169, 0.19902402143311226, 5.761818181818182, 6.382658545999449, 0.20569821084483156, 1300.5918536611966, 'ND', 'ND', 'ND', 'ND', 'ND', 0.20024922793520072, 1100, 2.000000000000005, 2.0000000000000204, 0.9881818181818182, 1092.9999999999989, 0.006363636363636364, 0.005454545454545455, 2075, 2080, 0.026642234066529418, 0.37226588548134731, 'ND', 0.005242782695011995, 3.718036433187315, 4.687774009430064, 'ND', 'ND', 'ND', 19.25828318327698, 'ND', 1.0000000000000002, 0.0009090909090909093, 3.7180364331873186, 490, 323, 'ND']
