4
[5.639958544634283e-07, 3.2800016924738884e-07, 0.008151091999025084, 0.0002218369991169311, 1.8990998796653003e-05, 0.5445501110007172, 0.00011662900215014815, 0.0007298819982679561, 0.0006621709981118329, 2.270026016049087e-07, 8.400020305998623e-07, 4.809990059584379e-07, 0.007332249995670281, 4.790053935721517e-07, 9.065400081453845e-05, 1.438299659639597e-05, 0.017628513000090607, 1.4725999790243804e-05, 6.371599738486111e-05, 6.916800339240581e-05, 0.007269556997925974, 0.010222612996585667, 0.033944032998988405, 0.007675063003262039, 0.0004888690018560737, 0.00022864999482408166, 2.089243540998723, 2.40066403200035, 0.000738000002456829, 0.0007230369956232607, 0.0006626950053032488, 0.21533753899711883, 0.0006798959948355332, 1.5801997506059706e-05, 7.653994543943554e-06, 1.746009430004051, 0.0037850890003028326, 0.0029189190026954748, 0.0013494689992512576]
4
[7.460039341822267e-07, 2.5500048650428653e-07, 0.011912441994354594, 0.0002653260016813874, 1.899200287880376e-05, 0.6712420529947849, 0.00015562799671897665, 0.0009160429981420748, 0.0008782090008025989, 2.5599729269742966e-07, 8.470015018247068e-07, 5.23999915458262e-07, 0.010387702997832093, 7.580019882880151e-07, 0.0001259909986401908, 2.2330998035613447e-05, 0.018862490993342362, 1.702299778116867e-05, 0.00010702299914555624, 0.00012866599718108773, 0.009130888996878639, 0.007419408000714611, 0.03235985100036487, 0.010070112999528646, 0.000505706004332751, 0.00024092199601000175, 2.107566985003359, 2.322500273003243, 0.0007060530042508617, 0.0006729749948135577, 0.000671693000185769, 0.26630036199640017, 0.000675286995829083, 1.8739003280643374e-05, 7.381000614259392e-06, 1.8291046669983189, 0.004829538993362803, 0.0024056300026131794, 0.0009509279989288189]
4
[6.140035111457109e-07, 3.220047801733017e-07, 0.007309910994081292, 0.00021376700169639662, 1.6965997929219157e-05, 0.5827314580019447, 0.00013803900219500065, 0.0009962100011762232, 0.0009615059971110895, 2.6399357011541724e-07, 9.899958968162537e-07, 5.940019036643207e-07, 0.008434101000602823, 5.589972715824842e-07, 8.232800610130653e-05, 1.4853001630399376e-05, 0.018549013999290764, 1.2636999599635601e-05, 6.096899596741423e-05, 6.432299414882436e-05, 0.006175709997478407, 0.00796468499902403, 0.030936289003875572, 0.009498314000666142, 0.0005218500009505078, 0.00024914200184866786, 1.9384983769996325, 2.2318234979975387, 0.0008462839978164993, 0.000813040001958143, 0.0007717429980402812, 0.15113746200222522, 0.0013336160045582801, 2.4549997760914266e-05, 1.5853998775128275e-05, 1.9073978909946163, 0.003564842998457607, 0.001838129996031057, 0.0006722199977957644]
4
[5.429974407888949e-07, 3.4199911169707775e-07, 0.007868262997362763, 0.0002250969992019236, 1.4805998944211751e-05, 0.6349766959974659, 0.00013772500096820295, 2.4227003450505435e-05, 9.866998880170286e-06, 2.3299799067899585e-07, 6.510017556138337e-07, 6.030022632330656e-07, 0.010189578002609778, 6.940026651136577e-07, 0.00012212000001454726, 2.2341999283526093e-05, 0.02147574300033739, 1.3567994756158441e-05, 7.030800043139607e-05, 7.14330017217435e-05, 0.0062694330044905655, 0.00930514699575724, 0.03001493599731475, 0.00743104000139283, 0.00046167699474608526, 0.0002431290049571544, 2.0093717060008203, 2.381343539003865, 4.5269996917340904e-05, 1.779400190571323e-05, 1.3880002370569855e-05, 0.3307207620018744, 2.8083006327506155e-05, 4.2331994336564094e-05, 7.511000148952007e-06, 1.8335613169983844, 0.003634770997450687, 0.0018769539965433069, 2.7028996555600315e-05]
4
[6.199989002197981e-07, 2.0200241124257445e-07, 0.00753380900277989, 0.00022756199905415997, 1.7847996787168086e-05, 0.6389629679979407, 0.00014424900291487575, 0.0008000039961189032, 0.000779405003413558, 2.349988790228963e-07, 7.109993021003902e-07, 4.6900095185264945e-07, 0.008992053997644689, 1.082000380847603e-06, 9.35320058488287e-05, 1.5279998478945345e-05, 0.01925006300007226, 1.966900163097307e-05, 7.01020035194233e-05, 7.402199844364077e-05, 0.00673454500065418, 0.007919454998045694, 0.02917934399738442, 0.007979153997439425, 0.0007530029979534447, 0.0002936529999715276, 1.8614721550038666, 2.0920865730004152, 0.0008362169974134304, 0.0007965190015966073, 0.0007413600033032708, 0.20119112000247696, 0.0006671990049653687, 2.0027000573463738e-05, 9.55599534790963e-06, 1.7121951640001498, 0.003617681002651807, 0.0018099499939125963, 0.0006615849997615442]
4
[5.320034688338637e-07, 2.809974830597639e-07, 0.007181745000707451, 0.00021314700279617682, 1.3671000488102436e-05, 0.5133290960002341, 0.0001192459967569448, 0.0007399829992209561, 0.0006905239933985285, 2.439992385916412e-07, 8.659990271553397e-07, 4.910034476779401e-07, 0.00689743800467113, 5.679976311512291e-07, 8.506500307703391e-05, 1.5294004697352648e-05, 0.015544590998615604, 8.164999599102885e-06, 5.512200004886836e-05, 6.458099960582331e-05, 0.005708951000997331, 0.006290792000072543, 0.02756976700038649, 0.008515752000676002, 0.00047145500138867646, 0.00022199199884198606, 1.6315178479999304, 1.8889792339978158, 0.0010683789951144718, 0.0008931279953685589, 0.0008967539979494177, 0.24217916599445743, 0.0006656850018771365, 1.6263002180494368e-05, 8.010996680241078e-06, 1.5349730640009511, 0.003908119004336186, 0.0024393310013692826, 0.0006904269976075739]
4
[4.890025593340397e-07, 3.0999945010989904e-07, 0.008921207998355385, 0.0002917620004154742, 1.9541002984624356e-05, 0.5818387319959584, 0.00012060299923177809, 0.0007183130001067184, 0.0006466640043072402, 4.920002538710833e-07, 6.839982233941555e-07, 4.5500200940296054e-07, 0.0066101389966206625, 5.629990482702851e-07, 7.954199827509001e-05, 1.442700158804655e-05, 0.015221893998386804, 8.424001862294972e-06, 8.908600284485146e-05, 6.422799924621359e-05, 0.005469421994348522, 0.00668325799779268, 0.024829136003972962, 0.008752198998990934, 0.0004917019978165627, 0.00022922900097910315, 1.8642868589959107, 2.201308193994919, 0.000701710996509064, 0.0006724670020048507, 0.0006637330006924458, 0.29334286700031953, 0.0006672880044789053, 1.4318997273221612e-05, 7.2640032158233225e-06, 1.9448164459972759, 0.003561011006240733, 0.001922727002238389, 0.0006720660021528602]
4
[4.989997250959277e-07, 1.9299477571621537e-07, 0.007562698003312107, 0.00021661500068148598, 1.4085002476349473e-05, 0.5374470489987289, 0.00012079099542461336, 1.645500015001744e-05, 5.549998604692519e-06, 2.3699976736679673e-07, 6.269983714446425e-07, 4.3400359572842717e-07, 0.007357879003393464, 4.3799809645861387e-07, 7.841800106689334e-05, 1.4195000403560698e-05, 0.01558141900022747, 6.905000191181898e-06, 5.522699939319864e-05, 6.49110006634146e-05, 0.005805774002510589, 0.006758261995855719, 0.033336795000650454, 0.008251961000496522, 0.0009212189979734831, 0.00044279699795879424, 1.849980619001144, 2.318111154003418, 4.120700032217428e-05, 1.4258002920541912e-05, 1.1129995982628316e-05, 0.2651836029981496, 1.5295998309738934e-05, 1.850300031946972e-05, 7.977003406267613e-06, 1.5558994700040785, 0.0036011500051245093, 0.0018300610026926734, 2.2108994016889483e-05]
4
[7.970011211000383e-07, 3.4600088838487864e-07, 0.007449301003362052, 0.00021539900626521558, 1.69060003827326e-05, 0.5306720930020674, 0.00011845299741253257, 0.0007270189962582663, 0.0006834140003775246, 2.5099870981648564e-07, 7.420021574944258e-07, 4.4199987314641476e-07, 0.007113152998499572, 4.67000063508749e-07, 7.856600132072344e-05, 1.5318997611757368e-05, 0.01571808900189353, 7.194001227617264e-06, 5.287999374559149e-05, 6.419899727916345e-05, 0.00571380300243618, 0.006714802999340463, 0.03197531400655862, 0.009082532000320498, 0.0005096530003356747, 0.0002438200026517734, 1.6721586160056177, 1.9499153830038267, 0.0008383290041820146, 0.0007554129988420755, 0.0007257430042955093, 0.24063483100326266, 0.0006749530002707615, 1.4892997569404542e-05, 7.099995855242014e-06, 1.5688858809953672, 0.003527613000187557, 0.001865117999841459, 0.0006722789985360578]
4
[4.800021997652948e-07, 3.3400283427909017e-07, 0.0073353580010007136, 0.00021906600159127265, 1.8612001440487802e-05, 0.5355810050023138, 0.00011921999976038933, 0.0007297870033653453, 0.0006582160058314912, 2.2099993657320738e-07, 1.2140008038841188e-06, 5.080000846646726e-07, 0.006886365001264494, 5.270048859529197e-07, 8.372400043299422e-05, 1.5068995708134025e-05, 0.015261324006132782, 8.347000402864069e-06, 5.2700997912324965e-05, 6.414399831555784e-05, 0.005852424998010974, 0.007345558995439205, 0.031384589994559065, 0.007110601000022143, 0.0005021730030421168, 0.00021978199947625399, 1.6857972979996703, 1.9256212749969563, 0.0006904889960424043, 0.0006647739937761799, 0.000658119999570772, 0.22357863700017333, 0.0006685999978799373, 1.4928002201486379e-05, 7.581998943351209e-06, 1.6417694159972598, 0.0035963010013801977, 0.0018938360008178279, 0.0006700259982608259]
4
[4.840039764530957e-07, 5.219990271143615e-07, 0.007268351997481659, 0.00021507700148504227, 1.6204998246394098e-05, 0.533214474999113, 0.0001448740003979765, 0.0007544640029664151, 0.0007997899956535548, 2.680026227608323e-07, 9.479990694671869e-07, 5.23999915458262e-07, 0.00696490299742436, 5.850015440955758e-07, 8.564200106775388e-05, 1.462200452806428e-05, 0.015628813998773694, 8.044997230172157e-06, 6.304799899226055e-05, 6.477200076915324e-05, 0.005688441000529565, 0.006775344998459332, 0.028227596005308442, 0.007265116997587029, 0.0004623499989975244, 0.00021883100271224976, 1.6972362909946241, 1.9105661720022908, 0.0006937379948794842, 0.0006642359949182719, 0.0007109939979272895, 0.2173775979972561, 0.0006740389944752678, 1.414900179952383e-05, 7.194001227617264e-06, 1.5875648750006803, 0.003609792001952883, 0.0018972329999087378, 0.0006708860018989071]
4
[4.980029189027846e-07, 2.180022420361638e-07, 0.006949442002223805, 0.00021217500034254044, 1.2329997844062746e-05, 0.5204588119959226, 0.00011014499614248052, 0.0007201879998319782, 0.0006454589965869673, 4.0099985199049115e-07, 8.33999365568161e-07, 5.039983079768717e-07, 0.006777039001462981, 4.659959813579917e-07, 4.2769970605149865e-06, 1.3989993021823466e-06, 0.01556418100517476, 2.6678004360292107e-05, 6.965199281694368e-05, 6.445799954235554e-05, 0.005582154000876471, 0.006653733005805407, 0.02872761099570198, 0.011281775994575582, 0.0005641570023726672, 0.00026970300677930936, 1.62893032500142, 1.855143835004128, 0.0007028940017335117, 0.0006460209988290444, 0.0006485600024461746, 0.26008903699403163, 0.0006543470008182339, 1.6081998182926327e-05, 7.272006769198924e-06, 1.5067131370014977, 0.003549348999513313, 0.0019257650055806153, 0.0006626829999731854]
4
[5.100009730085731e-07, 3.6799610825255513e-07, 0.007250381997437216, 0.00021351299801608548, 1.722899469314143e-05, 0.5303179509937763, 0.00011864300176966935, 0.0007171550023485906, 0.0006437589981942438, 2.3799657355993986e-07, 9.630020940676332e-07, 4.920002538710833e-07, 0.006866777999675833, 4.0899612940847874e-07, 7.95539963291958e-05, 1.5445002645719796e-05, 0.01578306800365681, 9.109004167839885e-06, 5.4026000725571066e-05, 6.497700087493286e-05, 0.00561763300356688, 0.006619731997488998, 0.027676004996465053, 0.007281243000761606, 0.0004652069983421825, 0.0002189130027545616, 1.6842057279936853, 1.90162987599615, 0.0006817800021963194, 0.0006589919939870015, 0.0006500430026790127, 0.25676920400292147, 0.0007025259983493015, 1.434899604646489e-05, 7.64699507271871e-06, 1.553852288001508, 0.0036120590011705644, 0.001932144004967995, 0.0006601389977731742]
4
[5.569963832385838e-07, 3.4600088838487864e-07, 0.007204098998045083, 0.00021383000421337783, 1.2718999641947448e-05, 0.5415760989999399, 0.00011873999756062403, 0.0007404700008919463, 0.0006698960060020909, 3.709938027895987e-07, 8.029965101741254e-07, 4.4499756768345833e-07, 0.006923027001903392, 4.3700129026547074e-07, 7.915600144769996e-05, 1.4486999134533107e-05, 0.0150315459977719, 9.080999006982893e-06, 6.337800004985183e-05, 6.49150024401024e-05, 0.005962363000435289, 0.03210730700084241, 0.025199313000484835, 0.0071953919978113845, 0.00045558399870060384, 0.00024446399766020477, 1.6888988139980938, 1.9223167970048962, 0.0007109569996828213, 0.0006747310035279952, 0.0006764389981981367, 0.25986320799711393, 0.0006793040010961704, 1.6236001101788133e-05, 9.684998076409101e-06, 1.6702548870016471, 0.02540016900456976, 0.001825997002015356, 0.0006852899969089776]
4
[4.76997229270637e-07, 2.7799978852272034e-07, 0.00711761799902888, 0.00021835200459463522, 1.650399644859135e-05, 0.5297294669944677, 0.00011618500138865784, 0.0007262209983309731, 0.0006565340008819476, 2.5099870981648564e-07, 6.250047590583563e-07, 4.5599881559610367e-07, 0.0068046710002818145, 4.4199987314641476e-07, 7.840600301278755e-05, 1.4477998774964362e-05, 0.014970278003602289, 6.356000085361302e-06, 5.344500095816329e-05, 6.436799594666809e-05, 0.00562241900479421, 0.0077349530038191006, 0.030290385002444964, 0.00713616400025785, 0.0004661170023609884, 0.00022041900228941813, 1.6753496029996313, 1.9398581119967275, 0.0006904520050738938, 0.0006691009984933771, 0.0006595810045837425, 0.25679044499702286, 0.0006699310033582151, 1.5208999684546143e-05, 7.590002496726811e-06, 1.5453816310036927, 0.0035159019971615635, 0.0018705900001805276, 0.0006711230016662739]
4
[6.030022632330656e-07, 4.5200431486591697e-07, 0.007001719997788314, 0.0002134729948011227, 1.5033998352009803e-05, 0.5228023219970055, 0.00010694199590943754, 0.0007213170028990135, 0.0006731589965056628, 2.6499765226617455e-07, 8.730057743377984e-07, 4.850007826462388e-07, 0.006640806001087185, 5.149995558895171e-07, 7.787300273776054e-05, 1.4204997569322586e-05, 0.015397770002891775, 6.741000106558204e-06, 4.779199662152678e-05, 6.488800136139616e-05, 0.005418393004219979, 0.006488505001470912, 0.03010979400278302, 0.007047931001579855, 0.0004610250034602359, 0.00021978299628244713, 1.6619183109942242, 1.9176884389962652, 0.0006916499987710267, 0.0006703879989800043, 0.0006585010050912388, 0.18525654599943664, 0.0006641380023211241, 1.0732001101132482e-05, 7.085000106599182e-06, 1.567627447002451, 0.0035871019936166704, 0.0018923520037787966, 0.0006710279994877055]
4
[5.250039976090193e-07, 2.079978003166616e-07, 0.007266577995324042, 0.00021173799905227497, 1.3313998351804912e-05, 0.5087406129969168, 0.00011879499652422965, 0.0007255469972733408, 0.0006972620030865073, 2.6100315153598785e-07, 9.369978215545416e-07, 5.140027496963739e-07, 0.006987908003793564, 4.4499756768345833e-07, 7.872199785197154e-05, 1.4509998436551541e-05, 0.015270960997440852, 8.177004929166287e-06, 5.4201002058107406e-05, 6.440300057874992e-05, 0.005595419002929702, 0.007183075002103578, 0.02855111300596036, 0.0073650679987622425, 0.00047625300067011267, 0.00022546100080944598, 1.6762800920041627, 1.8793302640042384, 0.0007128689976525493, 0.000660983998386655, 0.000660789999528788, 0.24932856299710693, 0.0006691680027870461, 1.1809999705292284e-05, 7.2640032158233225e-06, 1.7615211980009917, 0.004820948997803498, 0.0023029549993225373, 0.0007411050028167665]
