4
[500, 883, 0.015867716102772104, 3.532, 7.586942876241407, 0.21216316848992822, (637.6192978820058+0j), 'ND', 'ND', 'ND', 'ND', 'ND', 0.015501014947407271, 500, 'ND', 'ND', 0.974, (499.87500000000034+0j), 0.0, 0.014, 837, 389, 0.024775461523269815, -0.085477043021042781, 8.4475323332387457, 0.007078156312625251, 3.409517830842403, 4.34460120240482, 'ND', 'ND', 'ND', 12.698066383927708, 'ND', 0.9999999999999989, 0.001999999999999998, 3.4095178308424066, 173, 259, 'ND']
4
[500, 899, 0.021168045549353927, 3.596, 8.564798531994324, 0.21397719921833974, 631.1462720677607, 'ND', 'ND', 'ND', 'ND', 'ND', 0.023880131106602153, 500, 2.000000000000004, 2.0000000000000084, 0.968, 499.7314593301439, 0.0, 0.014, 826, 405, 0.014723347209225045, -0.062103280951784329, 8.3546782893785796, 0.007206412825651302, 3.305752066381761, 4.229683366733473, 'ND', 'ND', 'ND', 12.131912025027129, 'ND', 1.0000000000000004, 0.002000000000000001, 3.3057520663817566, 162, 265, 'ND']
4
[500, 927, 0.014224392316975434, 3.708, 8.25195658950314, 0.2214657848949737, 629.1820359560038, 'ND', 'ND', 'ND', 'ND', 'ND', 0.021732429099876695, 500, 1.9999999999999973, 2.0000000000000027, 0.988, 499.16582633053287, 0.0, 0.012, 864, 431, 0.007584638979718542, -0.063966015570429843, 8.3902035681478147, 0.007430861723446894, 3.4580083862504094, 4.420320641282563, 'ND', 'ND', 'ND', 11.819102388181946, 'ND', 0.9999999999999991, 0.0019999999999999983, 3.4580083862504103, 169, 264, 'ND']
4
[500, 944, 0.014037564805186286, 3.776, 9.172682706324643, 0.2218687021613019, (629.0055949539698+0j), 'ND', 'ND', 'ND', 'ND', 'ND', 0.02131298513353506, 500, 'ND', 'ND', 0.982, (497.43333333333385+0j), 0.0, 0.014, 873, 450, 0.02526136256311064, -0.082605003144061051, 8.3521814282209697, 0.007567134268537074, 3.3896950527561147, 4.340464929859715, 'ND', 'ND', 'ND', 12.099127858515377, 'ND', 1.0000000000000009, 0.0020000000000000018, 3.389695052756116, 171, 259, 'ND']
4
[500, 740, 0.015632341038061857, 2.96, 5.929540192702033, 0.17474129732702248, (662.8931903592538+0j), 'ND', 'ND', 'ND', 'ND', 'ND', 0.02127056154282473, 500, 'ND', 'ND', 0.958, (497.5107575757575+0j), 0.0, 0.028, 694, 250, 0.013762540618143122, -0.067514786985403946, 8.4933925281230209, 0.00593186372745491, 4.08304963340335, 4.984553106212434, 'ND', 'ND', 'ND', 10.339535528587337, 'ND', 0.9999999999999998, 0.0019999999999999996, 4.083049633403352, 179, 266, 'ND']
4
[500, 818, 0.00861963188514272, 3.272, 7.037294526526105, 0.20552281313601894, 640.7970984667691, 'ND', 'ND', 'ND', 'ND', 'ND', 0.011401743796109993, 500, 2.000000000000004, 2.0000000000000053, 0.978, 499.72664835164835, 0.0, 0.018, 785, 324, 0.012312467051829673, -0.10442603078752512, 8.4566969899303057, 0.006557114228456914, 3.6109005158912195, 4.552953907815651, 'ND', 'ND', 'ND', 12.945495518332391, 'ND', 0.9999999999999997, 0.001999999999999999, 3.6109005158912204, 163, 262, 'ND']
4
[500, 812, 0.004731575331575333, 3.248, 6.64649556273968, 0.19772057033087795, (644.5648532381772+0j), 'ND', 'ND', 'ND', 'ND', 'ND', 0.007600184246890834, 500, 'ND', 'ND', 0.972, (498.7375000000003+0j), 0.0, 0.012, 789, 318, 0.011721940123839454, -0.039565712516415032, 8.4785288013951465, 0.0065090180360721445, 3.7055637379176, 4.635631262525051, 'ND', 'ND', 'ND', 11.67195493613696, 'ND', 1.000000000000001, 0.002000000000000002, 3.7055637379176, 167, 258, 'ND']
4
[500, 828, 0.01700591450694899, 3.312, 6.604017121498574, 0.19818189485928567, 641.075737292789, 'ND', 'ND', 'ND', 'ND', 'ND', 0.022351571594877766, 500, 2.000000000000015, 2.0000000000000187, 0.974, 497.92962962963037, 0.0, 0.022, 786, 336, 0.012627564315453548, -0.045539488464080513, 8.4950112806040181, 0.006637274549098196, 3.719905674803421, 4.6536993987976105, 'ND', 'ND', 'ND', 11.481056558103433, 'ND', 1.0000000000000009, 0.0020000000000000018, 3.7199056748034205, 168, 248, 'ND']
4
[500, 1064, 0.02006867384988517, 4.256, 9.625723633739, 0.24044187841347262, (618.3075850669463+0j), 'ND', 'ND', 'ND', 'ND', 'ND', 0.029877171627752573, 500, 'ND', 'ND', 0.988, (499.9761904761912+0j), 0.0, 0.012, 956, 568, 0.017545852943998973, -0.052730822290968517, 8.3517149844856888, 0.008529058116232465, 3.100248690151387, 4.063991983967936, 'ND', 'ND', 'ND', 12.643966740518362, 'ND', 1.0000000000000009, 0.0020000000000000018, 3.1002486901513855, 160, 258, 'ND']
4
[500, 827, 0.02183239863335838, 3.308, 7.964566076929605, 0.21045715887649338, 640.5259154644781, 'ND', 'ND', 'ND', 'ND', 'ND', 0.022977769475060715, 500, 2.0000000000000124, 2.000000000000013, 0.972, 498.7214285714291, 0.0, 0.016, 777, 334, 0.012962536437713864, -0.03186564075120487, 8.3919540478018071, 0.006629258517034068, 3.4357952853498146, 4.366877755511019, 'ND', 'ND', 'ND', 11.309462125472521, 'ND', 0.9999999999999997, 0.001999999999999999, 3.4357952853498155, 170, 264, 'ND']
4
[500, 895, 0.020035545178491845, 3.58, 6.777468412486318, 0.20590710377173466, (641.0469289615313+0j), 'ND', 'ND', 'ND', 'ND', 'ND', 0.03108211818879509, 500, 'ND', 'ND', 0.988, (499.8489898989905+0j), 0.0, 0.012, 829, 399, 0.01184614053968935, -0.022149290393299166, 8.4793317018730239, 0.007174348697394789, 3.8117198251925544, 4.772617234468934, 'ND', 'ND', 'ND', 12.216701887395105, 'ND', 1.0, 0.002, 3.811719825192552, 177, 249, 'ND']
4
[500, 934, 0.013151636656967114, 3.736, 7.970917064950721, 0.22399738408192704, 626.8881692407256, 'ND', 'ND', 'ND', 'ND', 'ND', 0.016875602700096432, 500, 1.9539234012718218, 1.9999999999999878, 0.988, 498.21666666666687, 0.0, 0.004, 877, 437, 0.009376990716665964, -0.081623306689033379, 8.4414766106460348, 0.0074869739478957914, 3.4009706159306554, 4.363567134268535, 'ND', 'ND', 'ND', 12.648286519960555, 'ND', 0.9999999999999991, 0.0019999999999999983, 3.400970615930656, 172, 253, 'ND']
4
[500, 898, 0.012741898229049932, 3.592, 7.148335001256052, 0.2220334424862902, (629.0786974076799+0j), 0.044, 10, 6, 12, 7.826, 0.01385148133897653, 500, 'ND', 'ND', 1.0, (499.50718390804633+0j), 0.0, 0.0, 855, 399, 0.01755134357345398, -0.055488764162149699, 8.4793707688385389, 0.007198396793587174, 3.6212022438451164, 4.606717434869735, 0.0013747520123366943, 7.058116897603975, 4.031066480930503, 13.073625009493078, 12, 0.9999999999999991, 0.0019999999999999983, 3.6212022438451177, 163, 252, 4.606717434869739]
4
[500, 886, 0.010212007118564494, 3.544, 8.693843436572534, 0.2222165968369425, 639.1614799865141, 'ND', 'ND', 'ND', 'ND', 'ND', 0.014860681114551083, 500, 2.000000000000007, 2.0000000000000075, 0.976, 498.5897435897444, 0.0, 0.012, 841, 392, 0.01873118840591638, -0.06747130988509914, 8.4114928239782873, 0.007102204408817635, 3.256730328126137, 4.1963206412825675, 'ND', 'ND', 'ND', 11.12314388832945, 'ND', 1.0000000000000004, 0.002000000000000001, 3.256730328126136, 177, 251, 'ND']
4
[500, 1055, 0.030198755869119714, 4.22, 11.255655021689927, 0.24324644930790493, (612.4781394019395+0j), 'ND', 'ND', 'ND', 'ND', 'ND', 0.03148563276951294, 500, 'ND', 'ND', 0.988, (499.3779239766081+0j), 0.0, 0.012, 927, 559, 0.010743885061857103, -0.095052195509395393, 8.3071612810069642, 0.00845691382765531, 3.0601846262806776, 4.024088176352703, 'ND', 'ND', 'ND', 12.773175553170532, 'ND', 1.0000000000000002, 0.0020000000000000005, 3.0601846262806727, 168, 267, 'ND']
4
[500, 891, 0.015503679824012307, 3.564, 7.127139541401152, 0.21535438831837986, (635.0316116055689+0j), 'ND', 'ND', 'ND', 'ND', 'ND', 0.014255844896407526, 500, 'ND', 'ND', 0.99, (499.4500000000003+0j), 0.0, 0.006, 846, 394, 0.017343743699652185, -0.083645261483446642, 8.4608881666481182, 0.007142284569138277, 3.6026349888532128, 4.568336673346679, 'ND', 'ND', 'ND', 13.900760260510099, 'ND', 1.0000000000000018, 0.0020000000000000035, 3.602634988853214, 173, 250, 'ND']
4
[500, 1229, 0.036966222806663125, 4.916, 13.258755620577048, 0.25543945998137846, 603.8321692623178, 'ND', 'ND', 'ND', 'ND', 'ND', 0.04440599769319493, 500, 1.9453680008569771, 2.0000000000000044, 0.984, 495.1904761904762, 0.0, 0.01, 1046, 735, 0.011792652087588675, -0.08242271246731521, 8.1794926591839694, 0.009851703406813628, 2.836363490032273, 3.7932905811623208, 'ND', 'ND', 'ND', 12.47022802989092, 'ND', 1.0000000000000002, 0.0020000000000000005, 2.83636349003227, 167, 280, 'ND']
4
[500, 922, 0.01376893996881209, 3.688, 7.007104960529816, 0.2062363993388988, (636.8381100941174+0j), 'ND', 'ND', 'ND', 'ND', 'ND', 0.01922372757231783, 500, 'ND', 'ND', 0.964, (499.5675213675214+0j), 0.0, 0.012, 862, 428, 0.01830940702671704, -0.037030675548782345, 8.4699179879899749, 0.007390781563126252, 3.3815663455424896, 4.297523046092183, 'ND', 'ND', 'ND', 12.916170515282513, 'ND', 0.9999999999999993, 0.0019999999999999987, 3.381566345542485, 174, 247, 'ND']
4
[500, 790, 0.01780895550594966, 3.16, 7.691221613549139, 0.20885811735696533, (641.9489528135248+0j), 'ND', 'ND', 'ND', 'ND', 'ND', 0.02301937464032227, 500, 'ND', 'ND', 0.98, (496.9767441860467+0j), 0.0, 0.016, 737, 297, 0.009358721419297398, -0.048599713714305576, 8.3821654699118291, 0.0063326653306613225, 3.5980153077238883, 4.544024048096192, 'ND', 'ND', 'ND', 10.604578676417484, 'ND', 1.0000000000000002, 0.0020000000000000005, 3.598015307723886, 167, 275, 'ND']
4
[500, 1050, 0.028837053304174458, 4.2, 8.77440716053812, 0.2305902927382408, 621.2111069798174, 'ND', 'ND', 'ND', 'ND', 'ND', 0.02772984964259305, 500, 2.000000000000009, 2.0000000000000133, 0.978, 499.69480519480595, 0.0, 0.012, 936, 555, 0.016735491745132253, -0.075644865058168323, 8.3972334307462404, 0.008416833667334669, 3.1277092337284973, 4.07172745490983, 'ND', 'ND', 'ND', 13.518745268172188, 'ND', 0.9999999999999998, 0.0019999999999999996, 3.127709233728497, 173, 242, 'ND']
