2
[1500, 11239, 0.009817259325868, 14.985333333333333, 16.06456438984601, 0.3376742052188725, 1600.1939066191344, 0.006, 5, 4, 1491, 4.006, 0.009806987626201533, 1500, 1.4890713011089922, 1.496081241222411, 1.0, 1500.000000000002, 0.0, 0.0, 10245, 9740, 0.0006673736008997286, 0.014020428771791755, 10.497707631401012, 0.009996886813431177, 1.9681541143138594, 2.965529908828103, 0.004376299949454536, 4.843300569083751, 2.9223178412842037, 37.068109739963106, 1491, 1.0000000000000002, 0.0006666666666666669, 1.9681541143138583, 722, 275, 2.9655299088281075]
2
[1500, 11175, 0.010232509014195671, 14.9, 15.915704565770007, 0.33698030502134413, 1600.795695329032, 0.014, 5, 4, 1479, 4.014, 0.01035766305227383, 1500, 1.4920813815067506, 1.49452130515876, 1.0, 1500.0000000000023, 0.0, 0.0, 10151, 9676, 0.0006548981002242319, 0.0097364676057853441, 10.499979744402285, 0.009939959973315544, 1.9743139841336115, 2.9716815654880993, 0.0043545064007357165, 4.854143386362999, 2.927739249923824, 37.18611708257395, 1479, 1.0000000000000004, 0.000666666666666667, 1.97431398413361, 719, 268, 2.9716815654881032]
2
[1500, 11174, 0.009550209269538524, 14.898666666666667, 15.846854326569968, 0.3370912947249347, 1600.6148754071805, 1.0, 4, 4, 1500, 4.0, 0.009370816599732263, 1500, 1.4913588020033024, 1.493677159979401, 1.0, 1500.0000000000025, 0.0, 0.0, 10237, 9675, 0.0006670724138554617, -0.0036203669668660285, 10.504795062511228, 0.009939070491438736, 1.9726733710323985, 2.9700431398710183, 0.004387693208141905, 4.854385215598074, 2.927860164541359, 37.32989561056745, 1500, 1.0000000000000016, 0.0006666666666666677, 1.972673371032399, 713, 278, 2.970043139871025]
2
[1500, 11190, 0.009748541436361708, 14.92, 15.844056934435663, 0.3368730648986344, 1600.6350376557314, 0.006666666666666667, 5, 4, 1490, 4.006666666666667, 0.009764931681577792, 1500, 1.4943812393680274, 1.4992296683012363, 1.0, 1500.0000000000014, 0.0, 0.0, 10235, 9691, 0.0006910558174232973, 0.0043777348675499905, 10.504749938126952, 0.009953302201467645, 1.9748483857952472, 2.972215254614177, 0.004387644143689479, 4.856381024672653, 2.92885806907864, 37.32285005680427, 1490, 0.9999999999999984, 0.0006666666666666657, 1.974848385795243, 717, 270, 2.9722152546141873]
2
[1500, 11262, 0.009291453393762996, 15.016, 16.01214813242438, 0.33778416541848716, 1599.97260629314, 0.0026666666666666666, 5, 4, 1496, 4.002666666666666, 0.009343861183673951, 1500, 1.496621827493035, 1.498875927920432, 1.0, 1500.0000000000016, 0.0, 0.0, 10311, 9763, 0.0006912362469092848, 0.011858190678735002, 10.501603373975755, 0.010017344896597731, 1.9669909000303722, 2.964368245497008, 0.004403695188079669, 4.842462160765711, 2.9218986371251763, 37.21886656238819, 1496, 1.0000000000000004, 0.000666666666666667, 1.966990900030366, 718, 277, 2.964368245496998]
2
[1500, 11024, 0.01025759730766104, 14.698666666666666, 15.705839178888716, 0.3355008505349353, 1602.0472783934204, 0.01, 5, 4, 1485, 4.01, 0.010162777208722587, 1500, 1.493722763728474, 1.4963900368999532, 1.0, 1500.0000000000043, 0.0, 0.0, 10038, 9525, 0.000668594208853558, -0.010286239474072369, 10.501074273528051, 0.009805648209917722, 1.9872340349730213, 2.984584389593063, 0.004303566874109351, 4.877948232682997, 2.9396416730838313, 37.240599966693495, 1485, 1.0, 0.0006666666666666666, 1.9872340349730255, 716, 272, 2.984584389593062]
2
[1500, 11342, 0.010213427578268453, 15.122666666666667, 16.150026632316365, 0.33859826829074174, 1599.1764140802861, 0.0013333333333333333, 5, 4, 1498, 4.001333333333333, 0.010179375851191377, 1500, 1.487539813895278, 1.4963350175953836, 1.0, 1500.0000000000043, 0.0, 0.0, 10290, 9843, 0.0006925854286350995, -0.0014780053121810188, 10.501420566025178, 0.010088503446742272, 1.9596624719105138, 2.957049588614634, 0.004438738939603025, 4.832290610755792, 2.916812862120225, 37.23652546426301, 1498, 1.0, 0.0006666666666666666, 1.9596624719105107, 712, 271, 2.957049588614632]
2
[1500, 11032, 0.010503474757578513, 14.709333333333333, 15.709758560366426, 0.33529870204863776, 1602.06672629467, 0.005333333333333333, 5, 4, 1492, 4.005333333333334, 0.010490866666256225, 1500, 1.4968639609344516, 1.5075306389478866, 1.0, 1500.0000000000034, 0.0, 0.0, 10015, 9533, 0.0007002069254907923, 0.013407000606413515, 10.500446393451991, 0.009812764064932178, 1.989197961079524, 2.9865456971314286, 0.004302006247639046, 4.881176244364021, 2.9412556789243376, 37.12289064570653, 1492, 0.9999999999999993, 0.0006666666666666662, 1.9891979610795254, 713, 275, 2.986545697131421]
2
[1500, 11268, 0.009873175285422314, 15.024, 16.04522819000088, 0.33784412972541766, 1599.8822441989378, 0.0026666666666666666, 5, 4, 1496, 4.002666666666666, 0.009906302885210716, 1500, 1.4912515005242963, 1.4921155541549833, 1.0, 1500.0000000000016, 0.0, 0.0, 10256, 9769, 0.0006810986201189574, 0.0027000906867237057, 10.501006466408349, 0.010022681787858572, 1.9663727754417462, 2.9637509450744943, 0.004405582343355349, 4.842228060996318, 2.921781587240473, 37.19233543106429, 1496, 0.9999999999999998, 0.0006666666666666665, 1.966372775441748, 710, 273, 2.9637509450744943]
2
[1500, 11229, 0.010094913152054559, 14.972, 15.867411421853026, 0.3374550980902918, 1600.213350653476, 0.0013333333333333333, 5, 4, 1498, 4.001333333333333, 0.009916227043275709, 1500, 1.490794220206108, 1.4917915332259386, 1.0, 1500.0000000000011, 0.0, 0.0, 10234, 9730, 0.0006793946738660768, 0.0047665817103863762, 10.506802192291701, 0.009987991994663109, 1.9694197555824942, 2.9667938625750323, 0.004418475942945287, 4.849458474880678, 2.9253967941826677, 37.38869209403672, 1498, 1.0, 0.0006666666666666666, 1.969419755582491, 717, 277, 2.96679386257505]
2
[1500, 11106, 0.010107918271338832, 14.808, 15.789925138579243, 0.33609881913465833, 1601.396617128999, 0.007333333333333333, 5, 4, 1489, 4.007333333333333, 0.01036137105748007, 1500, 1.4941604449367942, 1.4950449426151824, 1.0, 1500.0000000000007, 0.0, 0.0, 10118, 9607, 0.0006928309739850473, 0.019865842496212545, 10.50195293433767, 0.009878585723815878, 1.9818730956374107, 2.979230598176547, 0.004343395237809989, 4.869956428055986, 2.9356457707703263, 37.14419276311652, 1489, 0.9999999999999983, 0.0006666666666666656, 1.9818730956374069, 715, 284, 2.9792305981765623]
2
[1500, 11166, 0.009856095705313123, 14.888, 15.822432444751156, 0.3369065274948052, 1600.6722213344485, 1.0, 4, 4, 1500, 4.0, 0.009867108429364321, 1500, 1.493686677505497, 1.494635521252529, 1.0, 1500.000000000004, 0.0, 0.0, 10199, 9667, 0.0006673841269453516, -0.0091913096562212075, 10.505394782459348, 0.009931954636424283, 1.9743602989442872, 2.9717278185457014, 0.004384878190511312, 4.85732473306817, 2.9293299232764123, 37.349355604988205, 1500, 0.9999999999999996, 0.0006666666666666663, 1.9743602989442897, 712, 270, 2.971727818545697]
2
[1500, 11286, 0.009984199518016743, 15.048, 16.068320111490156, 0.33800778437721773, 1599.6339834746132, 0.0013333333333333333, 5, 4, 1498, 4.001333333333333, 0.00961855233433735, 1500, 1.4926396062899534, 1.4943564004563263, 1.0, 1500.0000000000039, 0.0, 0.0, 10311, 9787, 0.0006925803959712462, -0.006971556583134835, 10.501564674786481, 0.010038692461641094, 1.9648604187393286, 2.9622406048476724, 0.00441513685782058, 4.839924714097287, 2.9206299137909624, 37.24931914408871, 1498, 0.9999999999999991, 0.0006666666666666661, 1.9648604187393273, 717, 286, 2.9622406048476764]
2
[1500, 11121, 0.009207269323890238, 14.828, 15.755693495667447, 0.3364079510914261, 1601.0855781932783, 0.0033333333333333335, 5, 4, 1495, 4.003333333333333, 0.009238424528474471, 1500, 1.4934503633406424, 1.499104099239335, 1.0, 1500.0000000000016, 0.0, 0.0, 10212, 9622, 0.0006930792079739736, -0.0098417764800522896, 10.505461970778995, 0.009891927951967978, 1.9787628779667068, 2.9761245274627557, 0.004366061952226614, 4.864962401853289, 2.9331487576689534, 37.368075866855946, 1495, 0.9999999999999994, 0.0006666666666666663, 1.9787628779667048, 717, 275, 2.976124527462753]
2
[1500, 11273, 0.00975435078326595, 15.030666666666667, 16.055450582600418, 0.33793027986228463, 1599.7192932645778, 0.004666666666666667, 5, 4, 1493, 4.004666666666667, 0.009886805801202688, 1500, 1.4914293585806915, 1.4970555824548604, 1.0, 1500.0000000000048, 0.0, 0.0, 10282, 9774, 0.0006905969925982299, -0.0056117000137647418, 10.501381276565075, 0.010027129197242607, 1.9654865593528748, 2.9628659106070714, 0.004410901491336161, 4.84114482569172, 2.9212399695881923, 37.25901014799963, 1493, 0.9999999999999997, 0.0006666666666666664, 1.9654865593528705, 715, 284, 2.9628659106070714]
2
[1500, 11277, 0.009890526527338824, 15.036, 16.038341798869336, 0.3378543520326547, 1599.8724486968572, 0.008, 5, 4, 1488, 4.008, 0.009964722996012932, 1500, 1.490378780022505, 1.4961941320305912, 1.0, 1500.0000000000014, 0.0, 0.0, 10264, 9778, 0.0006800026695438168, 0.019668210113177563, 10.501420770375002, 0.010030687124749834, 1.966350508705847, 2.963728708027575, 0.004409985716475342, 4.841289770694394, 2.9213124420895276, 37.16023304844671, 1488, 1.000000000000001, 0.0006666666666666674, 1.9663505087058457, 718, 278, 2.963728708027574]
2
[1500, 11298, 0.010855522737865823, 15.064, 16.10318188561129, 0.33796947405516214, 1599.6439852352, 0.02, 5, 4, 1470, 4.02, 0.01098186674163621, 1500, 1.4899275310916837, 1.4942921386270893, 1.0, 1500.000000000004, 0.0, 0.0, 10189, 9799, 0.0006898076270519775, 0.0070843674025994298, 10.499575098313393, 0.010049366244162776, 1.9655043727415957, 2.962883700244614, 0.00440389990855365, 4.838693317161161, 2.9200142153229103, 37.17449934436846, 1470, 1.0000000000000009, 0.0006666666666666673, 1.9655043727415933, 721, 270, 2.9628837002446073]
2
[1500, 11129, 0.00974060539278919, 14.838666666666667, 15.838496609471763, 0.3364357303804525, 1601.1586561423371, 0.010666666666666666, 5, 4, 1484, 4.010666666666666, 0.009966415539620587, 1500, 1.4955086357602745, 1.4984335470041028, 1.0, 1500.0000000000036, 0.0, 0.0, 10148, 9630, 0.0006895470236523834, 0.010335073866690256, 10.501113311163213, 0.009899043806982432, 1.9789374491761764, 2.976298865910608, 0.004344838345720558, 4.864105847464737, 2.9327204804746865, 37.19785833209644, 1484, 0.9999999999999999, 0.0006666666666666666, 1.9789374491761726, 713, 273, 2.976298865910607]
2
[1500, 11548, 0.010522004721114682, 15.397333333333334, 16.398731895374233, 0.340519151149882, 1597.4468978741152, 0.002, 5, 4, 1497, 4.002, 0.010356751286160074, 1500, 1.486648874991261, 1.4899632342026559, 1.0, 1500.0000000000007, 0.0, 0.0, 10457, 10049, 0.0006839913706484726, 0.00065361500223528452, 10.503542622116363, 0.010271736713364465, 1.942679187103818, 2.9400889481876926, 0.004540487831388237, 4.802504335892776, 2.901919724688723, 37.28558773863528, 1497, 0.999999999999999, 0.000666666666666666, 1.9426791871038183, 720, 274, 2.9400889481876806]
2
[1500, 11324, 0.009799304822395173, 15.098666666666666, 16.009697756605224, 0.3382924572421309, 1599.4560812531051, 0.0026666666666666666, 5, 4, 1496, 4.002666666666666, 0.00989173748986141, 1500, 1.4890177127919733, 1.4916827933477024, 1.0, 1500.0000000000032, 0.0, 0.0, 10308, 9825, 0.0006789888250438945, 0.012249442848046061, 10.50633664875753, 0.01007249277295975, 1.9620744047433485, 2.959458305537041, 0.004459350399533103, 4.836863532042558, 2.919099322763598, 37.332538713403835, 1496, 1.0000000000000007, 0.0006666666666666671, 1.9620744047433498, 720, 276, 2.9594583055370247]
