2
[1000, 9974, 0.019503536892445487, 19.948, 20.98729555648914, 0.37908397466573646, 1050.094893589914, 0.583, 4, 3, 417, 3.583, 0.01942556544959894, 1000, 1.4263442371328285, 1.4301233769369643, 1.0, 1000.0000000000007, 0.0, 0.0, 7993, 8975, 0.001047636872614236, -0.011059120695566896, 9.9285094032011578, 0.01996796796796797, 1.6431080378976168, 2.6398218218218297, 0.009098413626909139, 4.124447072012813, 2.5632255400144275, 30.737488807325192, 417, 1.0000000000000009, 0.0010000000000000009, 1.6431080378976164, 481, 155, 2.6398218218218217]
2
[1000, 10008, 0.020441524671092722, 20.016, 20.921558550142688, 0.37922293388176354, 1049.9635744025627, 0.549, 4, 3, 451, 3.549, 0.020579474681830492, 1000, 1.427875749901636, 1.4317101088016486, 1.0, 1000.0000000000016, 0.0, 0.0, 8020, 9009, 0.001032997729934252, 0.0060962863645390658, 9.9325912334209825, 0.020036036036036035, 1.6419726339566012, 2.6386886886886813, 0.009168371949377242, 4.12002935701162, 2.5610166825138174, 30.81556073630141, 451, 1.0000000000000002, 0.0010000000000000002, 1.6419726339565992, 483, 153, 2.638688688688689]
2
[1000, 10006, 0.02025285776514683, 20.012, 21.03612230544389, 0.3793490189765295, 1049.9413687324316, 0.571, 4, 3, 429, 3.571, 0.02025651262601058, 1000, 1.4258530177661002, 1.4268843653996026, 1.0, 1000.0000000000019, 0.0, 0.0, 8010, 9007, 0.00103659798989965, -0.011038037246739376, 9.9289602251137214, 0.02003203203203203, 1.6412584929618992, 2.637975975975971, 0.009128868407542635, 4.118779310781565, 2.5603916593987983, 30.75859013829154, 429, 0.9999999999999994, 0.0009999999999999994, 1.641258492961902, 482, 155, 2.637975975975976]
2
[1000, 10081, 0.019347479760416533, 20.162, 21.050456267296287, 0.3798616002475702, 1049.6140203387931, 0.581, 4, 3, 419, 3.581, 0.019273092349615974, 1000, 1.4270998011126816, 1.4277314968060402, 1.0, 1000.0000000000016, 0.0, 0.0, 8131, 9082, 0.001032635108223531, 0.0076647740220802396, 9.9333446608862843, 0.020182182182182182, 1.6375513790343432, 2.634276276276274, 0.009245293840201917, 4.109576961579443, 2.555790484797728, 30.836796624227812, 419, 1.0, 0.001, 1.6375513790343448, 484, 144, 2.6342762762762764]
2
[1000, 10035, 0.01906638154515897, 20.07, 21.004866589028197, 0.3794624706302683, 1049.7684095000725, 0.559, 4, 3, 441, 3.559, 0.018942926826835314, 1000, 1.4224088469603327, 1.4317586109929907, 1.0, 1000.0000000000005, 0.0, 0.0, 8094, 9036, 0.0010421954616119124, -0.029423363469074499, 9.9325806283890614, 0.02009009009009009, 1.6402193776943288, 2.636938938938945, 0.009193936336401755, 4.115856408452043, 2.5589302082340457, 30.86806671278353, 441, 0.9999999999999997, 0.0009999999999999996, 1.6402193776943257, 484, 155, 2.636938938938939]
2
[1000, 9962, 0.021170856625981657, 19.924, 20.90247303026174, 0.3788613822403511, 1050.1785552356266, 0.605, 4, 3, 395, 3.605, 0.0208980670675114, 1000, 1.4242657105491827, 1.4294494450005222, 1.0, 1000.0000000000001, 0.0, 0.0, 7964, 8963, 0.0010441504864416612, 0.00050179386189789794, 9.9302983492112844, 0.019943943943943943, 1.644596500307922, 2.641307307307305, 0.009104780048661361, 4.128956851279477, 2.5654804296477423, 30.748776496028395, 395, 0.9999999999999996, 0.0009999999999999996, 1.644596500307924, 484, 162, 2.6413073073073075]
2
[1000, 9899, 0.018660149569997963, 19.798, 20.79266092738449, 0.37836168961127425, 1050.5069936390585, 0.653, 4, 3, 347, 3.653, 0.018468700708017906, 1000, 1.4308935349371474, 1.431836719254468, 1.0, 1000.000000000001, 0.0, 0.0, 8069, 8900, 0.0010484637074977482, -0.0049833984247665284, 9.929224739064896, 0.01981781781781782, 1.648165199267403, 2.644868868868878, 0.00902661208526419, 4.134255393061266, 2.568129700538646, 30.75004469876791, 347, 0.9999999999999989, 0.000999999999999999, 1.648165199267402, 478, 158, 2.644868868868869]
2
[1000, 9769, 0.020000235452362812, 19.538, 20.55037621497652, 0.37730306458477153, 1051.117089924896, 0.698, 4, 3, 302, 3.698, 0.019719254840704904, 1000, 1.4326174962713032, 1.4359130590546632, 1.0, 1000.0000000000008, 0.0, 0.0, 7858, 8770, 0.0010344073457794866, -0.016678162668158455, 9.9285771465003911, 0.01955755755755756, 1.6555453248840004, 2.6522342342342307, 0.00888965567854014, 4.150555757572698, 2.576279882794365, 30.751410369259983, 302, 0.9999999999999988, 0.0009999999999999987, 1.6555453248840015, 488, 154, 2.652234234234234]
2
[1000, 9964, 0.01980562976430472, 19.928, 20.864288043553284, 0.37871598582084, 1050.1991394464724, 0.645, 4, 3, 355, 3.645, 0.01985219460202159, 1000, 1.4256457293006863, 1.4335194546723151, 1.0, 1000.0000000000009, 0.0, 0.0, 8005, 8965, 0.0010604964410881566, -0.00022260331866911235, 9.9315479621069152, 0.019947947947947946, 1.6455954952948937, 2.642304304304294, 0.009113872385304695, 4.130705565812373, 2.5663547869141974, 30.791522947254318, 355, 1.0000000000000004, 0.0010000000000000005, 1.6455954952948946, 481, 156, 2.642304304304304]
2
[1000, 9928, 0.020074259865307354, 19.856, 20.81176148658255, 0.37851035617386647, 1050.3490004932073, 0.619, 4, 3, 381, 3.619, 0.019756916192026037, 1000, 1.4298140583558425, 1.433033009246017, 1.0, 1000.0000000000009, 0.0, 0.0, 7966, 8929, 0.0010465083692549402, -0.0053886832680483986, 9.9308648831635757, 0.019875875875875876, 1.647021771270267, 2.6437277277277227, 0.009072914620190163, 4.133037401472929, 2.5675207047444872, 30.790767263437793, 381, 0.9999999999999996, 0.0009999999999999996, 1.6470217712702675, 485, 144, 2.6437277277277276]
2
[1000, 9865, 0.019745509282362593, 19.73, 20.701668691511507, 0.3780137309873328, 1050.6780304537529, 0.659, 4, 3, 341, 3.659, 0.01974364647706866, 1000, 1.430399998258842, 1.4334360629139749, 1.0, 1000.0000000000003, 0.0, 0.0, 7999, 8866, 0.0010431422059567262, -0.0020411480133244978, 9.9297469813287123, 0.01974974974974975, 1.6505443319070563, 2.6472432432432487, 0.008996520316283606, 4.1397580771508045, 2.5708810425834216, 30.766122039621525, 341, 1.0000000000000007, 0.0010000000000000007, 1.650544331907055, 484, 159, 2.6472432432432433]
2
[1000, 9859, 0.020510873951307667, 19.718, 20.745819671635765, 0.3781129207644911, 1050.7194509886688, 0.646, 4, 3, 354, 3.646, 0.020478499373369218, 1000, 1.4322555483082975, 1.4330242417451524, 1.0, 1000.0000000000017, 0.0, 0.0, 7905, 8860, 0.001039165511898586, 0.00097189660921210544, 9.9279057708977945, 0.019737737737737737, 1.6499485457401273, 2.6466486486486276, 0.008980525306925849, 4.141077194588854, 2.5715406013024515, 30.705714015128294, 354, 1.0000000000000004, 0.0010000000000000005, 1.649948545740129, 482, 155, 2.6466486486486485]
2
[1000, 10106, 0.019808879256414714, 20.212, 21.181540999691304, 0.38002679786895033, 1049.4985859461526, 0.575, 4, 3, 425, 3.575, 0.01996960933287584, 1000, 1.4283352976345498, 1.4318369706780851, 1.0, 1000.0000000000027, 0.0, 0.0, 8130, 9107, 0.0010547273101793341, 0.0031477518763379292, 9.930617098926195, 0.020232232232232233, 1.6365363359351344, 2.633263263263261, 0.009241726904318157, 4.109069915563591, 2.555536961789806, 30.77590921400813, 425, 0.9999999999999996, 0.0009999999999999996, 1.6365363359351344, 479, 152, 2.633263263263263]
2
[1000, 9876, 0.01977430523050351, 19.752, 20.610083750391023, 0.3779600227097976, 1050.6232239161486, 0.621, 4, 3, 379, 3.621, 0.019720535382327428, 1000, 1.4301976992739056, 1.432521044200663, 1.0, 1000.0000000000031, 0.0, 0.0, 7986, 8877, 0.0010472649884575623, -0.0011546934662560169, 9.934349537527849, 0.019771771771771772, 1.65066469274886, 2.6473633633633606, 0.009061974375443173, 4.139996669123219, 2.571000338569637, 30.85563317919742, 379, 1.000000000000001, 0.001000000000000001, 1.6506646927488593, 484, 160, 2.6473633633633633]
2
[1000, 9880, 0.019671701385773784, 19.76, 20.85852105418975, 0.37822266858341175, 1050.6485247624505, 0.754, 4, 3, 246, 3.754, 0.019716028060951567, 1000, 1.4301724749101576, 1.4313108125141287, 1.0, 1000.0000000000016, 0.0, 0.0, 7980, 8881, 0.0010517704168550703, 0.000714687249401011, 9.9245469033514482, 0.01977977977977978, 1.6494911745412772, 2.646192192192198, 0.008943125770830578, 4.138899256994222, 2.570451632505126, 30.63381289535764, 246, 0.9999999999999999, 0.0009999999999999998, 1.649491174541275, 480, 154, 2.646192192192192]
2
[1000, 10208, 0.01951812769924704, 20.416, 21.390424017264145, 0.3810424130987726, 1049.0089865553, 0.498, 4, 3, 502, 3.498, 0.019781866382353366, 1000, 1.4200637864322425, 1.4250937647169375, 1.0, 1000.0000000000009, 0.0, 0.0, 8224, 9209, 0.0010414636563946232, 0.0034441551167071231, 9.9309757481858867, 0.020436436436436438, 1.629509268787826, 2.6262502502502447, 0.00934904281032266, 4.093368069122311, 2.547686038569183, 30.77663851528818, 502, 0.9999999999999999, 0.0009999999999999998, 1.6295092687878263, 486, 145, 2.62625025025025]
2
[1000, 10089, 0.019963278547617667, 20.178, 21.115011314396813, 0.3799220492070473, 1049.5796021151143, 0.557, 4, 3, 443, 3.557, 0.02009535442688837, 1000, 1.4254503517655985, 1.4277570808467053, 1.0, 1000.0000000000018, 0.0, 0.0, 8085, 9090, 0.0010467836516533178, 0.011500862708943032, 9.9314741986625403, 0.020198198198198198, 1.6372304167895348, 2.6339559559559613, 0.009233357126614484, 4.110778348477196, 2.5563911782466273, 30.784039913865513, 443, 0.9999999999999997, 0.0009999999999999996, 1.6372304167895346, 484, 146, 2.633955955955956]
2
[1000, 9890, 0.019957171507510165, 19.78, 20.80924842135671, 0.37827708237091645, 1050.5270285953902, 0.656, 4, 3, 344, 3.656, 0.02008436146744015, 1000, 1.4286610609404526, 1.431591601506043, 1.0, 1000.0000000000008, 0.0, 0.0, 7955, 8891, 0.0010515220979750001, -0.006643083048682474, 9.9282174680313737, 0.0197997997997998, 1.6487810455746328, 2.645483483483492, 0.00900653556378398, 4.136572437994859, 2.569288223005438, 30.726087132651124, 344, 1.0000000000000007, 0.0010000000000000007, 1.648781045574633, 485, 158, 2.6454834834834835]
2
[1000, 10090, 0.020160930343633414, 20.18, 21.156017448224905, 0.3799451126809186, 1049.5164892607568, 0.534, 4, 3, 466, 3.534, 0.02017970318466323, 1000, 1.4242469950110574, 1.42685875855947, 1.0, 1000.0000000000018, 0.0, 0.0, 8099, 9091, 0.0010467896849171618, -0.014900045930289235, 9.9311868915876715, 0.0202002002002002, 1.6369816710498073, 2.6337077077077073, 0.009236155985290607, 4.110572129588064, 2.556288068802054, 30.796863237645216, 466, 0.9999999999999987, 0.0009999999999999987, 1.6369816710498073, 482, 154, 2.633707707707708]
2
[1000, 9993, 0.020578220197935326, 19.986, 20.97977742209439, 0.37909286532321984, 1050.0424415964299, 0.604, 4, 3, 396, 3.604, 0.020627488294063148, 1000, 1.4261148359494134, 1.4279672210849628, 1.0, 1000.0000000000011, 0.0, 0.0, 7986, 8994, 0.0010470306176571663, 0.0022954356816421773, 9.9294519695047043, 0.020006006006006005, 1.6430478574767151, 2.639761761761765, 0.009119741020000875, 4.123906639359872, 2.562955323687948, 30.74782705552676, 396, 1.0000000000000009, 0.0010000000000000009, 1.6430478574767153, 482, 159, 2.6397617617617617]
