2
[500, 2494, 0.02019875597398817, 9.976, 10.990146747894354, 0.33938433985545857, 549.125092640302, 'ND', 'ND', 'ND', 'ND', 'ND', 0.02108457790911269, 500, 1.5889408766526816, 1.5928736403460377, 0.998, 499.0000000000003, 0.002, 0.0, 2196, 1996, 0.0021811008015812264, 0.021093184964195086, 'ND', 0.01999198396793587, 1.9442982350242655, 2.932521042084159, 'ND', 'ND', 'ND', 20.90828806615877, 'ND', 0.9999999999999999, 0.0019999999999999996, 1.9442982350242644, 231, 121, 'ND']
2
[500, 2515, 0.02056926899382006, 10.06, 10.966557109491818, 0.34199098496278807, 549.8493166322374, 0.08, 5, 4, 460, 4.08, 0.020414660352580685, 500, 1.5851502649938982, 1.5928599923368805, 1.0, 500.00000000000074, 0.0, 0.0, 2229, 2016, 0.0020710347699412486, 0.015084341899106188, 8.8994366364333626, 0.020160320641282564, 1.9394773482708385, 2.931719438877758, 0.008346197640689711, 4.641200620497138, 2.8226083423770834, 21.053569051435634, 460, 1.0000000000000002, 0.0020000000000000005, 1.9394773482708383, 232, 116, 2.9317194388777557]
2
[500, 2517, 0.021440475382890258, 10.068, 11.063279478751381, 0.3414322519990258, 549.740259257719, 0.076, 5, 4, 462, 4.076, 0.022594637223974763, 500, 1.5763316058210313, 1.583505788382152, 1.0, 500.00000000000057, 0.0, 0.0, 2193, 2018, 0.0022240226161238186, 0.0073170364829557308, 8.8921798342931293, 0.02017635270541082, 1.9448535625467795, 2.9370741482965923, 0.008239353330550304, 4.647795626892274, 2.8259058455746535, 21.00440037902866, 462, 0.9999999999999991, 0.0019999999999999983, 1.9448535625467793, 233, 120, 2.937074148296593]
2
[500, 2452, 0.01758714056840991, 9.808, 10.694698868408858, 0.3382633857562181, 551.055531714755, 0.146, 5, 4, 427, 4.146, 0.01766858777501998, 500, 1.5908760176346963, 1.613696813143624, 1.0, 500.0000000000002, 0.0, 0.0, 2209, 1953, 0.002155230961330793, -0.015173672870680489, 8.8987750892369348, 0.019655310621242483, 1.972169238074544, 2.964280561122247, 0.008068631497765762, 4.6910230785987155, 2.8475195714278727, 21.165546935524347, 427, 1.0, 0.002, 1.9721692380745415, 236, 121, 2.9642805611222447]
2
[500, 2431, 0.01717537546732592, 9.724, 10.758257247439522, 0.33749131265694576, 551.3807666057871, 0.194, 5, 4, 403, 4.194, 0.01770433756270286, 500, 1.5883905725379057, 1.6008040218783979, 1.0, 500.00000000000017, 0.0, 0.0, 2180, 1932, 0.0022217997640618186, 0.0023360849572332922, 8.8873695944755902, 0.01948697394789579, 1.9802416077134197, 2.9723206412825656, 0.007841814922980323, 4.7018457021414015, 2.8529308831992126, 20.95246853044731, 403, 1.0000000000000002, 0.0020000000000000005, 1.980241607713418, 232, 124, 2.972320641282565]
2
[500, 2502, 0.020947058325231707, 10.008, 10.998507352734988, 0.3407605237290595, 549.8887592332646, 0.06, 5, 4, 470, 4.06, 0.021484296859371876, 500, 1.5817409872126895, 1.5856519782011924, 1.0, 500.00000000000045, 0.0, 0.0, 2202, 2003, 0.002189113885725296, -0.0054063990888198309, 8.893539151623937, 0.020056112224448898, 1.950205632147828, 2.942404809619238, 0.008219937670532479, 4.654541735928106, 2.829278900092565, 21.008655303069002, 470, 1.0000000000000002, 0.0020000000000000005, 1.9502056321478305, 233, 121, 2.9424048096192386]
2
[500, 2518, 0.020852472914082817, 10.072, 11.037227259195893, 0.3418641235604272, 549.5003191104715, 0.096, 5, 4, 452, 4.096, 0.020704426463588766, 500, 1.582079923250857, 1.5911182820908376, 1.0, 500.0000000000005, 0.0, 0.0, 2225, 2019, 0.002166337288893151, -0.024823512340048485, 8.8973132202746505, 0.02018436873747495, 1.9402821707672362, 2.932521042084169, 0.008317091118472399, 4.642923444356485, 2.8234697543067533, 21.12319317698354, 452, 0.9999999999999998, 0.0019999999999999996, 1.9402821707672364, 234, 121, 2.9325210420841685]
2
[500, 2511, 0.019562217435127646, 10.044, 11.104123325410406, 0.3421216510775528, 549.7106581051868, 0.076, 5, 4, 462, 4.076, 0.018818052706327915, 500, 1.5816317339567758, 1.5931996446528682, 1.0, 500.0000000000003, 0.0, 0.0, 2232, 2012, 0.002068805450073061, -0.0016713480492856756, 8.8895680122760581, 0.020128256513026053, 1.9391795639471716, 2.9314228456913787, 0.00820618118535145, 4.636813471963379, 2.820414768110202, 20.9781767348772, 462, 0.9999999999999992, 0.0019999999999999983, 1.9391795639471712, 230, 121, 2.9314228456913827]
2
[500, 2541, 0.019441082248243372, 10.164, 11.230230420467565, 0.34365737442106253, 549.0576214089252, 0.21, 5, 4, 395, 4.21, 0.01931975937066173, 500, 1.5781381211274415, 1.5833586849307286, 1.0, 500.0000000000002, 0.0, 0.0, 2251, 2042, 0.0020114227971314183, -0.025568055183537455, 8.889599558014897, 0.0203687374749499, 1.9261736324053735, 2.918468937875757, 0.008267715682791247, 4.609895370368523, 2.8069557173127673, 21.042302403094975, 395, 1.0000000000000004, 0.002000000000000001, 1.9261736324053724, 232, 122, 2.9184689378757516]
2
[500, 2527, 0.02200604194567042, 10.108, 11.100098255399569, 0.3424628911392967, 549.4240444491381, 0.09, 5, 4, 455, 4.09, 0.02223180677540778, 500, 1.5721493659042312, 1.5810299941979773, 1.0, 500.0000000000004, 0.0, 0.0, 2206, 2028, 0.002121790115080037, -0.0060605942727153181, 8.8940124661598077, 0.020256513026052105, 1.9355578627133785, 2.9278156312625234, 0.008307512804739061, 4.631964880056191, 2.817990472156608, 21.065472502963495, 455, 0.9999999999999999, 0.0019999999999999996, 1.9355578627133785, 234, 109, 2.927815631262525]
2
[500, 2507, 0.020063744081855527, 10.028, 11.047784797555384, 0.3415877007639352, 549.6232857482074, 0.112, 5, 4, 444, 4.112, 0.019959364168758216, 500, 1.5851443186420073, 1.5979108313532295, 1.0, 500.0, 0.0, 0.0, 2217, 2008, 0.002095796832432261, -0.016700301495578527, 8.8930773259177638, 0.020096192384769538, 1.9431956282041987, 2.9354228456913805, 0.00819966095474531, 4.640069909782835, 2.8220429870199286, 21.078906781753513, 444, 0.9999999999999997, 0.001999999999999999, 1.9431956282042013, 229, 120, 2.9354228456913827]
2
[500, 2406, 0.01751213296507412, 9.624, 10.571652705395746, 0.33596904482592715, 552.0592668562094, 0.216, 5, 4, 392, 4.216, 0.01754309971411245, 500, 1.592261354352279, 1.604148059557241, 1.0, 500.0000000000003, 0.0, 0.0, 2164, 1907, 0.002078620792016122, 0.024842845620495831, 8.8904115072680714, 0.019286573146292584, 1.993955783052048, 2.9859799599198373, 0.007795216444134742, 4.720011022594424, 2.8620135434257286, 20.966886748987417, 392, 0.9999999999999998, 0.0019999999999999996, 1.9939557830520471, 232, 120, 2.9859799599198396]
2
[500, 2545, 0.024235265560033366, 10.18, 11.113816013690478, 0.3432102336269738, 549.0367669983773, 0.082, 5, 4, 459, 4.082, 0.022984482557461206, 500, 1.5814992076264534, 1.5817747229658414, 1.0, 499.99999999999994, 0.0, 0.0, 2218, 2046, 0.002016140869389016, -0.0048870004740731816, 8.8975289370333499, 0.02040080160320641, 1.929280247241471, 2.9215631262525026, 0.008370961187318986, 4.619383785617471, 2.8116999249372476, 21.158803408940457, 459, 1.0000000000000007, 0.0020000000000000013, 1.9292802472414692, 235, 123, 2.921563126252505]
2
[500, 2478, 0.019121216726170266, 9.912, 10.820419355274938, 0.33916108720774873, 550.3547268602539, 0.098, 5, 4, 451, 4.098, 0.019384311465964275, 500, 1.5952390145687732, 1.5988096595799242, 1.0, 499.99999999999994, 0.0, 0.0, 2203, 1979, 0.0023269539178055066, -0.018508613289046575, 8.8990548582697357, 0.01986372745490982, 1.9639680968362434, 2.956112224448902, 0.008166085089196848, 4.682188489010342, 2.843102276633685, 21.17814666393011, 451, 1.0000000000000002, 0.0020000000000000005, 1.9639680968362434, 235, 123, 2.9561122244488978]
2
[500, 2492, 0.021154324870773927, 9.968, 10.931150837759855, 0.3407944547973661, 550.1162641012754, 0.074, 5, 4, 463, 4.074, 0.021703985126505537, 500, 1.5807262237037671, 1.587467821468988, 1.0, 500.00000000000057, 0.0, 0.0, 2192, 1993, 0.002015891995773163, 0.0040353714965270394, 8.8960423741441019, 0.019975951903807614, 1.949819317349558, 2.9420200400801524, 0.008215172253223355, 4.655643584706294, 2.8298298244816604, 20.997799625256963, 463, 1.0, 0.002, 1.9498193173495582, 233, 119, 2.9420200400801604]
2
[500, 2475, 0.02019348408729213, 9.9, 10.880166384819162, 0.34041494419893087, 550.3874996294866, 0.038, 5, 4, 481, 4.038, 0.02014824521888693, 500, 1.5850458764573614, 1.5855284112429096, 1.0, 499.99999999999994, 0.0, 0.0, 2195, 1976, 0.0019857300751674146, -0.0057775054417227431, 8.8961248272301603, 0.019839679358717433, 1.952813257036159, 2.9450020040080185, 0.008188462905717949, 4.664967359365689, 2.8344917118113595, 20.994903310454816, 481, 1.0000000000000009, 0.0020000000000000018, 1.9528132570361607, 236, 115, 2.945002004008016]
2
[500, 2479, 0.01657020267314384, 9.916, 10.927304911565903, 0.3403285023653013, 550.4297162598699, 0.084, 5, 4, 458, 4.084, 0.016821746373572793, 500, 1.5971359258300468, 1.6036500405123357, 1.0, 500.0000000000006, 0.0, 0.0, 2240, 1980, 0.002120505972838514, -0.00039538443471010524, 8.8913353846472489, 0.019871743486973948, 1.9546482523279494, 2.946829659318633, 0.008116226144967572, 4.659377419350475, 2.8316967418037535, 20.96866187906219, 458, 1.0000000000000002, 0.0020000000000000005, 1.9546482523279491, 235, 119, 2.946829659318637]
2
[500, 2472, 0.02030605538252596, 9.888, 10.93209730318701, 0.3394123027063746, 550.5673068990516, 0.236, 5, 4, 382, 4.236, 0.02076209086468002, 500, 1.58858475255704, 1.592018381681218, 1.0, 500.00000000000074, 0.0, 0.0, 2172, 1973, 0.0020812714313703947, -0.0010749109487994944, 8.8876080169108036, 0.01981563126252505, 1.9632598530394112, 2.9554068136272473, 0.007979754655243337, 4.669045912525102, 2.8365309883910683, 20.951232256061793, 382, 0.9999999999999991, 0.0019999999999999983, 1.963259853039412, 233, 116, 2.9554068136272544]
2
[500, 2480, 0.019280953858662818, 9.92, 10.921329802043504, 0.34006513088837825, 550.4337137719326, 0.066, 5, 4, 467, 4.066, 0.01892937105638103, 500, 1.5851110187531203, 1.5894388822103054, 1.0, 500.0000000000002, 0.0, 0.0, 2215, 1981, 0.0021463755985502444, -0.029253319693862849, 8.8931232064213148, 0.019879759519038077, 1.9566281156690863, 2.948801603206411, 0.008137172401636236, 4.666438212853271, 2.835227138555151, 21.10707794529413, 467, 1.0000000000000007, 0.0020000000000000013, 1.9566281156690877, 232, 114, 2.948801603206413]
2
[500, 2483, 0.01913066350574089, 9.932, 10.92830317346052, 0.3403695504100985, 550.2733645529006, 0.118, 5, 4, 441, 4.118, 0.018875583519382993, 500, 1.585993333359563, 1.5921756329386922, 1.0, 500.00000000000057, 0.0, 0.0, 2215, 1984, 0.002091754943767805, -0.009250451077390906, 8.8923823988513391, 0.01990380761523046, 1.9538756227314062, 2.946060120240478, 0.008134666388227265, 4.657643248133461, 2.8308296561952435, 21.063208366563526, 441, 0.9999999999999998, 0.0019999999999999996, 1.953875622731406, 236, 123, 2.946060120240481]
