2
[500, 1279, 0.008904717504717503, 5.116, 6.099395759795761, 0.24954696231690304, 589.3501526185463, 'ND', 'ND', 'ND', 'ND', 'ND', 0.010101010101010102, 500, 1.771564975976546, 1.782514095195033, 0.99, 495.0000000000003, 0.01, 0.0, 1241, 785, 0.0022323568913838387, -0.016821766356313217, 'ND', 0.01025250501002004, 2.9045882930519666, 3.8730501002003948, 'ND', 'ND', 'ND', 19.511978834270607, 'ND', 0.9999999999999997, 0.001999999999999999, 2.9045882930519666, 215, 179, 'ND']
2
[500, 1258, 0.0159030747030747, 5.032, 6.060523881673884, 0.2508204843673461, 598.5253965963493, 0.012, 8, 5, 13, 6.314, 0.011335012594458438, 500, 1.7990311083567272, 1.8238325506981974, 1.0, 500.0000000000005, 0.0, 0.0, 1212, 759, 0.0021093514892850974, 0.028455684170707981, 8.8205100356383497, 0.010084168336673346, 3.029456503368181, 4.017338677354713, 0.003172334485149418, 6.432679575471993, 3.7183478198645146, 18.571591014456278, 13, 1.0000000000000002, 0.0020000000000000005, 3.0294565033681837, 216, 168, 4.01733867735471]
2
[500, 1321, 0.010782783882783878, 5.284, 6.213894067044068, 0.25609036808308083, 592.7894862456775, 'ND', 'ND', 'ND', 'ND', 'ND', 0.011771544833599767, 500, 1.7693286958823609, 1.7713595098288393, 0.998, 499.00000000000045, 0.002, 0.0, 1270, 823, 0.001797845929591688, -0.021481190650539411, 'ND', 0.010589178356713427, 2.914560043782343, 3.8989018036072127, 'ND', 'ND', 'ND', 19.68760374497087, 'ND', 0.9999999999999999, 0.0019999999999999996, 2.9145600437823433, 217, 176, 'ND']
2
[500, 1247, 0.006467377067377069, 4.988, 5.857746176046183, 0.24399111418080915, 589.3329401727024, 'ND', 'ND', 'ND', 'ND', 'ND', 0.007358953393295176, 500, 1.7794801756810417, 1.7888284853050895, 0.986, 493.0000000000002, 0.014, 0.0, 1225, 755, 0.001842772040802745, -0.044138583262510217, 'ND', 0.009995991983967936, 2.936604131958694, 3.8970260521042106, 'ND', 'ND', 'ND', 19.631514519049496, 'ND', 1.0, 0.002, 2.9366041319586964, 219, 183, 'ND']
2
[500, 1300, 0.009365379065379062, 5.2, 6.13202384282384, 0.25302215832381963, 594.256575887437, 'ND', 'ND', 'ND', 'ND', 'ND', 0.009271523178807948, 500, 1.7784814525512544, 1.7853768846333096, 0.996, 498.0000000000002, 0.004, 0.0, 1264, 803, 0.003528908230034324, 0.073997785354708065, 'ND', 0.010420841683366733, 2.939251997971849, 3.919503006012026, 'ND', 'ND', 'ND', 19.056819924260026, 'ND', 0.9999999999999999, 0.0019999999999999996, 2.939251997971847, 215, 169, 'ND']
2
[500, 1236, 0.008031890331890335, 4.944, 5.7154468253968265, 0.24366811689962567, 597.7056651549519, 'ND', 'ND', 'ND', 'ND', 'ND', 0.009130875887724045, 500, 1.7975176845327117, 1.8237969814883341, 0.994, 497.00000000000045, 0.006, 0.0, 1204, 740, 0.0021504989416251345, 0.024527830539555814, 'ND', 0.009907815631262525, 3.0599029384069345, 4.035687374749497, 'ND', 'ND', 'ND', 19.54414825314503, 'ND', 0.9999999999999998, 0.0019999999999999996, 3.0599029384069345, 219, 175, 'ND']
2
[500, 1270, 0.009243767343767341, 5.08, 6.099957453657454, 0.24999560746284025, 592.1204571666923, 'ND', 'ND', 'ND', 'ND', 'ND', 0.009229349330872173, 500, 1.7726764619990976, 1.7791322862795214, 0.992, 496.0000000000004, 0.008, 0.0, 1234, 775, 0.0016700362433927892, -0.02792138018981315, 'ND', 0.010180360721442886, 2.928233977996152, 3.9005691382765515, 'ND', 'ND', 'ND', 19.4187180021209, 'ND', 1.0000000000000002, 0.0020000000000000005, 2.9282339779961544, 220, 183, 'ND']
2
[500, 1256, 0.00796041736041736, 5.024, 6.005368131868133, 0.24897823703732536, 596.1454520924011, 'ND', 'ND', 'ND', 'ND', 'ND', 0.007150802478944859, 500, 1.773657976541196, 1.7760932261154836, 0.996, 498.00000000000034, 0.004, 0.0, 1228, 759, 0.0021605517590271724, -0.023959698480780247, 'ND', 0.01006813627254509, 2.99967002277648, 3.979679358717437, 'ND', 'ND', 'ND', 19.17485723519265, 'ND', 0.9999999999999992, 0.0019999999999999983, 2.9996700227764728, 210, 189, 'ND']
2
[500, 1302, 0.01268715728715728, 5.208, 6.171143556443554, 0.25253640970027946, 589.5988011239212, 'ND', 'ND', 'ND', 'ND', 'ND', 0.009351343327890753, 500, 1.7690651065737575, 1.7780883899305702, 0.992, 496.00000000000045, 0.008, 0.0, 1264, 807, 0.001658304528094578, -0.05206195258447989, 'ND', 0.01043687374749499, 2.8850472028394147, 3.8575551102204453, 'ND', 'ND', 'ND', 19.563643411987208, 'ND', 1.0, 0.002, 2.885047202839418, 212, 181, 'ND']
2
[500, 1277, 0.008305772005772002, 5.108, 6.003623104673102, 0.25015974365717686, 594.2139873644477, 'ND', 'ND', 'ND', 'ND', 'ND', 0.011602722772277228, 500, 1.7904756524683327, 1.8400452968964789, 0.994, 497.0000000000003, 0.006, 0.0, 1231, 781, 0.0018953689942399123, 0.013473132358406791, 'ND', 0.010236472945891783, 2.954986277776436, 3.9311903807615236, 'ND', 'ND', 'ND', 19.383165489362494, 'ND', 0.9999999999999996, 0.001999999999999999, 2.954986277776437, 222, 179, 'ND']
2
[500, 1233, 0.007047474747474745, 4.932, 5.791031962481965, 0.242401617342271, 592.5413853672801, 'ND', 'ND', 'ND', 'ND', 'ND', 0.008527002173549573, 500, 1.7880506276190191, 1.7915874958556457, 0.988, 494.00000000000114, 0.012, 0.0, 1205, 740, 0.0020344282362296765, 0.0093149156678754182, 'ND', 0.009883767535070141, 2.9924910061086036, 3.9566412825651285, 'ND', 'ND', 'ND', 19.131343012800354, 'ND', 0.9999999999999993, 0.0019999999999999987, 2.992491006108603, 220, 178, 'ND']
2
[500, 1206, 0.00425050505050505, 4.824, 5.773990981240981, 0.24362039535278074, 601.5390678897849, 'ND', 'ND', 'ND', 'ND', 'ND', 0.005193905817174515, 500, 1.8020413684399974, 1.8117257985639483, 0.998, 499.00000000000074, 0.002, 0.0, 1187, 708, 0.002023710516067352, 0.040640781424287856, 'ND', 0.009667334669338678, 3.1206348439851603, 4.104152304609218, 'ND', 'ND', 'ND', 18.864316164964468, 'ND', 1.0000000000000002, 0.0020000000000000005, 3.120634843985157, 217, 179, 'ND']
2
[500, 1253, 0.010519336219336213, 5.012, 6.016678782328775, 0.24822969500857142, 599.0827023021076, 'ND', 'ND', 'ND', 'ND', 'ND', 0.01229702033737979, 500, 1.7894423800811192, 1.7967071919367317, 0.998, 499.00000000000034, 0.002, 0.0, 1205, 755, 0.002655921412887879, 0.0052753431716037217, 'ND', 0.010044088176352705, 3.0458909787446373, 4.029707414829655, 'ND', 'ND', 'ND', 19.019732848882786, 'ND', 1.0, 0.002, 3.045890978744637, 215, 183, 'ND']
2
[500, 1253, 0.011634920634920637, 5.012, 5.978306204906203, 0.24718702262562836, 597.5438882355836, 'ND', 'ND', 'ND', 'ND', 'ND', 0.010017490857051996, 500, 1.818294010864187, 1.855683586187395, 0.996, 498.00000000000057, 0.004, 0.0, 1214, 756, 0.002641766444971435, 0.018989069283731921, 'ND', 0.010044088176352705, 3.0362250605628924, 4.0160881763526985, 'ND', 'ND', 'ND', 19.08067320930238, 'ND', 0.999999999999999, 0.001999999999999998, 3.036225060562895, 218, 183, 'ND']
2
[500, 1259, 0.009545743145743144, 5.036, 6.011417010767008, 0.24936348253162577, 596.5487694232178, 'ND', 'ND', 'ND', 'ND', 'ND', 0.009549578226961642, 500, 1.7794323225876671, 1.785571081015032, 0.998, 499.00000000000057, 0.002, 0.0, 1222, 761, 0.0019661843683958197, -0.020556715124055235, 'ND', 0.010092184368737475, 3.0220360399513915, 4.005947895791582, 'ND', 'ND', 'ND', 19.058772638725582, 'ND', 1.0, 0.002, 3.022036039951388, 213, 178, 'ND']
2
[500, 1219, 0.00562077922077922, 4.876, 5.838747402597409, 0.24392305175745094, 598.8173988207166, 'ND', 'ND', 'ND', 'ND', 'ND', 0.007050528789659225, 500, 1.8035557008414902, 1.813739760120075, 0.994, 497.0000000000005, 0.006, 0.0, 1196, 723, 0.0023921969104118137, 0.0046685746568407684, 'ND', 0.009771543086172344, 3.0581403771398192, 4.033931863727451, 'ND', 'ND', 'ND', 19.170383763267157, 'ND', 1.0000000000000002, 0.0020000000000000005, 3.0581403771398215, 220, 172, 'ND']
2
[500, 1195, 0.010576911976911975, 4.78, 5.763527272727277, 0.24158976308905766, 601.5424854580652, 'ND', 'ND', 'ND', 'ND', 'ND', 0.010524469391334853, 500, 1.8016918945613631, 1.813191880935476, 0.996, 498.0000000000006, 0.004, 0.0, 1158, 698, 0.0024338878985577547, -0.014083088171264852, 'ND', 0.009579158316633267, 3.12538329671391, 4.104889779559119, 'ND', 'ND', 'ND', 18.668855018539265, 'ND', 0.9999999999999996, 0.001999999999999999, 3.125383296713909, 215, 192, 'ND']
2
[500, 1252, 0.008387401487401485, 5.008, 6.072319319569324, 0.24735683153552007, 593.6515260603198, 'ND', 'ND', 'ND', 'ND', 'ND', 0.0103643216080402, 500, 1.7806866422524272, 1.7870787996338289, 0.992, 496.00000000000017, 0.008, 0.0, 1215, 757, 0.0026925220310981424, -0.03561329869670174, 'ND', 0.010036072144288578, 2.9696984330106004, 3.9418677354709484, 'ND', 'ND', 'ND', 19.163198815965316, 'ND', 1.0, 0.002, 2.9696984330105995, 213, 181, 'ND']
2
[500, 1229, 0.007063492063492063, 4.916, 5.84778787878788, 0.24376979115685954, 593.8444422112291, 'ND', 'ND', 'ND', 'ND', 'ND', 0.0074962518740629685, 500, 1.7830381852395594, 1.7948857919088772, 0.99, 495.00000000000085, 0.01, 0.0, 1206, 735, 0.0014887869360360557, -0.0089602702053016483, 'ND', 0.009851703406813628, 2.9999034213004334, 3.9679839679358637, 'ND', 'ND', 'ND', 19.243277765465653, 'ND', 0.9999999999999997, 0.001999999999999999, 2.9999034213004343, 217, 180, 'ND']
2
[500, 1221, 0.011780819180819175, 4.884, 5.872170707070702, 0.24229224294720028, 595.9665595251315, 'ND', 'ND', 'ND', 'ND', 'ND', 0.011492338441039307, 500, 1.7874894848253626, 1.8006000367291548, 0.992, 496.0000000000002, 0.008, 0.0, 1181, 726, 0.0021361891708453905, 0.022842021474164625, 'ND', 0.009787575150300602, 3.0566031661717052, 4.028424849699397, 'ND', 'ND', 'ND', 18.589546630992228, 'ND', 0.9999999999999998, 0.0019999999999999996, 3.056603166171701, 213, 181, 'ND']
