2
[800, 3163, 0.008440610451639859, 7.9075, 8.9280374889612, 0.2897765296055513, 900.5926208499575, 0.05875, 6, 4, 3, 5.055, 0.009252212921055793, 800, 1.6511853890146515, 1.6580066952050787, 1.0, 800.0000000000017, 0.0, 0.0, 3018, 2364, 0.001241030535394297, -0.019738313686554772, 9.5510667437564738, 0.00989674593241552, 2.4677086960204004, 3.4615394242803514, 0.0037740800222790865, 5.589036230173151, 3.2957712479186507, 26.10859499333278, 3, 1.0, 0.00125, 2.4677086960204027, 366, 226, 3.4615394242803506]
2
[800, 3163, 0.011065839389368795, 7.9075, 8.891933857411502, 0.2888484091394299, 899.6752537337088, 'ND', 'ND', 'ND', 'ND', 'ND', 0.010822510822510822, 800, 1.6522914388491912, 1.6546493384072163, 0.99875, 799.0000000000016, 0.00125, 0.0, 2997, 2365, 0.0013480886972483648, -0.014880126694616178, 'ND', 0.00989674593241552, 2.464173575365199, 3.4555131414267835, 'ND', 'ND', 'ND', 26.070758169489107, 'ND', 1.0000000000000004, 0.0012500000000000005, 2.4641735753651957, 362, 219, 'ND']
2
[800, 3260, 0.011790116133866133, 8.15, 9.164195628717689, 0.2933522957046484, 897.8941195999746, 0.04, 6, 4, 16, 5.02, 0.010275519421860885, 800, 1.6463713111288678, 1.6519136289157386, 1.0, 800.0000000000005, 0.0, 0.0, 3089, 2461, 0.0013621019635023063, -0.014151244892878353, 9.5553584906329085, 0.010200250312891113, 2.42517746180219, 3.419114518147692, 0.003956926500203965, 5.523790494166308, 3.26314837991523, 26.135976911182134, 16, 1.000000000000001, 0.0012500000000000013, 2.425177461802191, 370, 218, 3.4191145181476847]
2
[800, 3178, 0.007818200182170758, 7.945, 8.913224398865033, 0.2900203555151452, 900.2578046764587, 0.03625, 6, 4, 8, 5.02625, 0.00850740903462875, 800, 1.6528244617579602, 1.6580833351795994, 1.0, 800.0000000000017, 0.0, 0.0, 3038, 2379, 0.001297833667404494, -0.036370848584783858, 9.5567834887764214, 0.009943679599499374, 2.464135934328936, 3.457975594493114, 0.0038298552265675456, 5.581324379157701, 3.2919153224109303, 26.26188577621503, 8, 0.9999999999999992, 0.001249999999999999, 2.4641359343289375, 364, 221, 3.4579755944931163]
2
[800, 3245, 0.00944166907653749, 8.1125, 9.093953792735048, 0.2925086242937445, 898.7876747086207, 0.00375, 7, 5, 635, 5.21, 0.010153249420085941, 800, 1.6468680839761067, 1.6562087174302476, 1.0, 800.0000000000002, 0.0, 0.0, 3077, 2446, 0.0012584404424575769, 0.01203811350828486, 9.5521437042194446, 0.01015331664580726, 2.4365419179989987, 3.4304505632040025, 0.0038652625848198245, 5.5248793956260895, 3.263692830645126, 26.026058654207393, 635, 1.0, 0.00125, 2.4365419179990013, 367, 221, 3.430450563204005]
2
[800, 3113, 0.007904903575956197, 7.7825, 8.795028356694479, 0.2876790342728113, 902.7625688668711, 0.005, 7, 5, 611, 5.24125, 0.008791480931154037, 800, 1.6538378250675916, 1.666966094122685, 1.0, 800.0000000000007, 0.0, 0.0, 2977, 2314, 0.0011725776438394698, -0.019117002376126565, 9.5474488375381412, 0.009740300375469337, 2.494876113939417, 3.488638923654569, 0.0036464704856054636, 5.622190073806207, 3.3123481697351775, 26.034569643869332, 611, 0.9999999999999989, 0.0012499999999999985, 2.4948761139394167, 366, 230, 3.4886389236545683]
2
[800, 3216, 0.008778447247197244, 8.04, 9.027340999122785, 0.29128630025083074, 899.252063542676, 0.03, 6, 4, 14, 5.0125, 0.00897226753670473, 800, 1.6535571205471782, 1.6580225230875665, 1.0, 800.0000000000001, 0.0, 0.0, 3069, 2417, 0.0013536413795593304, -0.02606886890232795, 9.5555350147029259, 0.010062578222778474, 2.4495374857669843, 3.4434136420525685, 0.0038906999196838114, 5.560936980290005, 3.2817216229770803, 26.15213829077843, 14, 1.0000000000000002, 0.0012500000000000002, 2.44953748576698, 365, 218, 3.443413642052566]
2
[800, 3098, 0.007726773226773217, 7.745, 8.744732550435673, 0.28711248742656464, 902.8896700379736, 0.02625, 6, 4, 4, 5.02125, 0.009030100334448161, 800, 1.657032202406109, 1.6664979079900948, 1.0, 800.0000000000017, 0.0, 0.0, 2961, 2299, 0.0013876728697106335, -0.020556691808490759, 9.5507636543049994, 0.009693366708385482, 2.499684756321344, 3.4934355444305414, 0.0037015777061077835, 5.646518833263801, 3.324512549463976, 26.12538136486444, 4, 0.9999999999999999, 0.0012499999999999998, 2.499684756321343, 367, 224, 3.4934355444305383]
2
[800, 3277, 0.009621339444868846, 8.1925, 9.215004723728073, 0.2941752037048072, 897.3737749010658, 0.03, 6, 4, 18, 5.0075, 0.009598214285714286, 800, 1.6414566367623469, 1.6463961144408268, 1.0, 800.0000000000028, 0.0, 0.0, 3114, 2478, 0.001182114157543616, -0.0057071003721596847, 9.5514624037296834, 0.010253441802252817, 2.416247125950049, 3.410206508135174, 0.0039295181133038445, 5.495407970110751, 3.2489571178874512, 26.11369125543311, 18, 1.0000000000000009, 0.0012500000000000011, 2.4162471259500458, 365, 213, 3.410206508135169]
2
[800, 3213, 0.010769559688677332, 8.0325, 9.020147466504092, 0.29115197378428176, 899.5609320937009, 0.10625, 6, 4, 3, 5.1025, 0.01035646406268182, 800, 1.6442050858806414, 1.6491947253483816, 1.0, 800.0000000000002, 0.0, 0.0, 3045, 2414, 0.0013025519440922392, -0.0032521345529045631, 9.551767632412723, 0.010053191489361702, 2.452150401033874, 3.446020025031295, 0.0038302705769848906, 5.5561455401096325, 3.2793259028868955, 26.097397948413747, 3, 1.0000000000000004, 0.0012500000000000005, 2.4521504010338715, 365, 215, 3.446020025031289]
