2
[900, 12217, 0.030421389357115493, 27.148888888888887, 28.03099087996607, 0.41734269104097743, 933.1455136004935, 1.0, 3, 3, 900, 3.0, 0.030436928929013812, 900, 1.3692805729387028, 1.3722924195314814, 1.0, 900.0000000000003, 0.0, 0.0, 8644, 11318, 0.0011858905083511292, -0.0039703866000379544, 9.7903043391015387, 0.030198986528241257, 1.401423506940402, 2.398309232480538, 0.014189962478784578, 3.691235484010733, 2.346731327751476, 29.47888286653957, 900, 0.9999999999999996, 0.0011111111111111107, 1.4014235069404004, 439, 114, 2.3983092324805337]
2
[900, 12094, 0.029605772741925822, 26.875555555555554, 27.797748580913275, 0.416293191478748, 933.4864370980625, 1.0, 3, 3, 900, 3.0, 0.029631298155102244, 900, 1.367414711426367, 1.3725955654608408, 1.0, 900.0000000000015, 0.0, 0.0, 8586, 11195, 0.0011805150843735835, -0.00084386534372525308, 9.7889126139007772, 0.02989494500061797, 1.407594679562295, 2.4044666913854913, 0.014021805851348284, 3.7002202804094027, 2.3512237259507947, 29.4444698300394, 900, 1.0000000000000009, 0.0011111111111111122, 1.4075946795622942, 438, 108, 2.40446669138549]
2
[900, 12134, 0.03036251560163619, 26.964444444444446, 28.015490650527926, 0.4165593022766768, 933.3838331317033, 0.006666666666666667, 4, 3, 894, 3.006666666666667, 0.0305564029040327, 900, 1.3714650725768849, 1.3763679159638, 1.0, 900.0000000000009, 0.0, 0.0, 8627, 11235, 0.0011955670641556873, -0.0015761637911120465, 9.7852451002608731, 0.029993820294153997, 1.4063435988019335, 2.4032183908045988, 0.014003693889559007, 3.6997930944567465, 2.351010132974472, 29.37079787871413, 894, 1.0000000000000002, 0.0011111111111111113, 1.4063435988019366, 440, 116, 2.403218390804598]
2
[900, 12230, 0.030887938878915243, 27.177777777777777, 28.14045637968313, 0.4175912815763184, 933.1292191229822, 1.0, 3, 3, 900, 3.0, 0.030817369516312153, 900, 1.3645293586083913, 1.3699494617681884, 1.0, 900.0000000000022, 0.0, 0.0, 8657, 11331, 0.0011879483659241968, 0.008873186908615445, 9.7878628051332246, 0.030231120998640466, 1.4002640895228806, 2.3971523915461823, 0.014168676416520549, 3.69067918888375, 2.3464531801879747, 29.413484645814396, 900, 1.0000000000000016, 0.0011111111111111128, 1.4002640895228815, 439, 111, 2.3971523915461623]
2
[900, 12155, 0.03026834037295995, 27.011111111111113, 28.00410042557164, 0.417046367055179, 933.3139190211317, 1.0, 3, 3, 900, 3.0, 0.03042878166046635, 900, 1.3686424534970296, 1.3721716770328458, 1.0, 900.000000000001, 0.0, 0.0, 8653, 11256, 0.0011800065529554151, -0.00020527675754214748, 9.787321639320254, 0.03004572982326041, 1.403407894443467, 2.40028921023359, 0.014072748773171977, 3.6942695064846736, 2.3482483389884394, 29.40218444498589, 900, 1.0000000000000004, 0.0011111111111111115, 1.4034078944434685, 436, 101, 2.400289210233593]
2
[900, 12149, 0.030588133783592014, 26.997777777777777, 27.930960013865867, 0.4166309422850915, 933.3355914713193, 1.0, 3, 3, 900, 3.0, 0.03085174658476208, 900, 1.3694763374640395, 1.373390741101566, 1.0, 900.0000000000009, 0.0, 0.0, 8580, 11250, 0.0011897214034396553, 0.0038176845150376866, 9.7889639826013539, 0.030030898529230007, 1.40560533728394, 2.4024817698677583, 0.01409548361949502, 3.69833915609429, 2.3502831637932435, 29.428499709537725, 900, 0.9999999999999997, 0.0011111111111111107, 1.4056053372839394, 436, 103, 2.4024817698677543]
2
[900, 12060, 0.029266020685661715, 26.8, 27.762462977503176, 0.4158839483178035, 933.5848050578652, 1.0, 3, 3, 900, 3.0, 0.02921347618368953, 900, 1.3670688257819998, 1.3700030101073026, 1.0, 899.9999999999998, 0.0, 0.0, 8638, 11161, 0.0011879151604500355, -0.00042407764094036786, 9.7877543548293033, 0.029810901001112347, 1.4100547254930609, 2.40692127054753, 0.01396362790435866, 3.704501689335489, 2.353364430413851, 29.421004095356835, 900, 0.9999999999999997, 0.0011111111111111107, 1.4100547254930615, 440, 106, 2.406921270547522]
2
[900, 12123, 0.030582654106570805, 26.94, 27.989028242372413, 0.41675879158835455, 933.4039472453009, 1.0, 3, 3, 900, 3.0, 0.030518017673795892, 900, 1.3655761832277922, 1.3682155061181973, 1.0, 900.000000000001, 0.0, 0.0, 8614, 11224, 0.0011849642196801742, -0.0023527819022332122, 9.7857361836268169, 0.02996662958843159, 1.4051594075079699, 2.4020368310468467, 0.014007795408573161, 3.6978317033633754, 2.350029437427789, 29.374988696626062, 900, 0.9999999999999992, 0.0011111111111111102, 1.4051594075079707, 434, 107, 2.4020368310468423]
2
[900, 12151, 0.030194350085389707, 27.002222222222223, 27.98343441384506, 0.41686970454497607, 933.342404001432, 1.0, 3, 3, 900, 3.0, 0.03003969923711604, 900, 1.367139890854656, 1.3685558772502884, 1.0, 900.0000000000003, 0.0, 0.0, 8658, 11252, 0.0011909217980752872, 0.0047893058723085368, 9.7871845593548734, 0.03003584229390681, 1.4044161912146875, 2.401295266345317, 0.014059046121477703, 3.6971071881530984, 2.3496671798226547, 29.40206408533272, 900, 1.0000000000000013, 0.0011111111111111126, 1.4044161912146882, 436, 109, 2.401295266345322]
2
[900, 12006, 0.029381382668232925, 26.68, 27.67858273498961, 0.4152708020927783, 933.7257697005834, 1.0, 3, 3, 900, 3.0, 0.029374939504735024, 900, 1.3666115034085198, 1.3701591602770253, 1.0, 900.0000000000019, 0.0, 0.0, 8560, 11107, 0.0011898467918791524, -0.0004100037586354595, 9.7867782181639313, 0.02967741935483871, 1.4136543697401955, 2.4105129155852167, 0.013884635350188352, 3.7095350296246954, 2.35588110055845, 29.393647671652555, 900, 0.999999999999999, 0.00111111111111111, 1.4136543697401946, 439, 108, 2.410512915585218]
2
[900, 12015, 0.030223195890547883, 26.7, 27.71897102167057, 0.41538574793737504, 933.6991921645036, 0.0044444444444444444, 4, 3, 896, 3.0044444444444443, 0.030213890412324876, 900, 1.368691563641344, 1.3746880045735494, 1.0, 900.0000000000003, 0.0, 0.0, 8539, 11116, 0.0011836948814316385, -0.011830926615631688, 9.7861209370268796, 0.029699666295884317, 1.413044932379705, 2.409904832529979, 0.013874270444599268, 3.7083869291169553, 2.3553070503045985, 29.401603777480215, 896, 0.9999999999999986, 0.0011111111111111096, 1.413044932379704, 437, 114, 2.4099048325299717]
2
[900, 12056, 0.029201807093991037, 26.79111111111111, 27.708942156063642, 0.4158046120047533, 933.591047546337, 1.0, 3, 3, 900, 3.0, 0.029135621488491414, 900, 1.3685664439232899, 1.374873781465174, 1.0, 900.0000000000007, 0.0, 0.0, 8571, 11157, 0.0011848639644540752, -0.0011009875305785948, 9.7889323222242464, 0.029801013471758744, 1.4104238562520615, 2.407289581015937, 0.013975006546898207, 3.703898592682109, 2.3530628820871518, 29.452576455847083, 900, 0.9999999999999984, 0.0011111111111111094, 1.4104238562520592, 441, 108, 2.407289581015944]
2
[900, 12261, 0.03088549083943391, 27.246666666666666, 28.170651998384116, 0.4178986463212144, 933.0107797989078, 1.0, 3, 3, 900, 3.0, 0.030905912670523148, 900, 1.3642978743776617, 1.3660172903842687, 1.0, 900.0000000000007, 0.0, 0.0, 8668, 11362, 0.0011853955527462367, -0.015789372623203454, 9.7896946311207813, 0.030307749351130887, 1.3982152899410631, 2.3951081448523013, 0.014236459661801098, 3.68786744194957, 2.345047306720893, 29.472893147071396, 900, 1.000000000000001, 0.0011111111111111124, 1.3982152899410627, 438, 113, 2.395108144852305]
2
[900, 12015, 0.029833101444319887, 26.7, 27.66901626876605, 0.4153522978542374, 933.7027591982683, 0.0022222222222222222, 4, 3, 898, 3.002222222222222, 0.02985046676467008, 900, 1.3704873886609679, 1.373517028300221, 1.0, 900.0000000000011, 0.0, 0.0, 8563, 11116, 0.0011896511050786865, -0.0011533349198629252, 9.7875705463077285, 0.029699666295884317, 1.4131217313966753, 2.4099814608824697, 0.013904603736552014, 3.709037720083314, 2.3556324457877524, 29.410382427839483, 898, 1.0000000000000004, 0.0011111111111111115, 1.4131217313966746, 438, 115, 2.409981460882462]
2
[900, 11990, 0.029511401702193855, 26.644444444444446, 27.72146803191205, 0.41538272869940457, 933.7843299719359, 0.0044444444444444444, 4, 3, 896, 3.0044444444444443, 0.02965690481019768, 900, 1.366290513400089, 1.3711825291265507, 1.0, 900.0000000000011, 0.0, 0.0, 8550, 11091, 0.0011864712325676588, 0.0063671703333322144, 9.7841293385688601, 0.0296378692374243, 1.413339741509373, 2.4101989865282385, 0.013818085024629192, 3.709921085705913, 2.3560741285990625, 29.335491164834608, 896, 1.000000000000001, 0.0011111111111111124, 1.4133397415093727, 435, 116, 2.410198986528241]
2
[900, 12226, 0.03095554425464644, 27.16888888888889, 28.179244568371193, 0.41763622288260976, 933.1550081556064, 1.0, 3, 3, 900, 3.0, 0.03100744888477234, 900, 1.3645996873932704, 1.3695259654942418, 1.0, 900.0000000000016, 0.0, 0.0, 8661, 11327, 0.0011880107929721174, 0.014435546487884901, 9.7862242256105212, 0.030221233469286863, 1.4001798583429743, 2.3970683475466683, 0.014133976362533843, 3.691013533267983, 2.346620352380096, 29.36989631349054, 900, 0.9999999999999998, 0.001111111111111111, 1.4001798583429728, 441, 117, 2.3970683475466568]
2
[900, 12217, 0.029787623245878758, 27.148888888888887, 28.140096434419622, 0.41767678977782935, 933.1369480155565, 1.0, 3, 3, 900, 3.0, 0.029910584998551985, 900, 1.3667379273392595, 1.3707774948963645, 1.0, 900.0000000000002, 0.0, 0.0, 8650, 11318, 0.0011818641616635954, -0.0033273052687804072, 9.7873109211470553, 0.030198986528241257, 1.3997240190164257, 2.396613521196392, 0.014139364232997826, 3.6886884514959255, 2.345457811494078, 29.41919778711477, 900, 1.0000000000000002, 0.0011111111111111113, 1.3997240190164284, 437, 112, 2.3966135211963913]
2
[900, 12031, 0.030935880809020863, 26.735555555555557, 27.728759062882602, 0.4155411810338372, 933.6629503783506, 1.0, 3, 3, 900, 3.0, 0.031012477141826415, 900, 1.3725605092718138, 1.3733278773625124, 1.0, 900.0000000000024, 0.0, 0.0, 8548, 11132, 0.0011858904390978772, -0.0044833569977740084, 9.7868708673360203, 0.029739216413298727, 1.4120762738107926, 2.4089383265356594, 0.01391207774912897, 3.707630023119391, 2.354928597305795, 29.40940500687045, 900, 1.0000000000000009, 0.0011111111111111122, 1.4120762738107926, 440, 118, 2.4089383265356568]
2
[900, 12360, 0.030091121791374756, 27.466666666666665, 28.388384441344733, 0.4190395546702275, 932.7617037426186, 1.0, 3, 3, 900, 3.0, 0.030470709535612678, 900, 1.3639292518108632, 1.3688106945779421, 1.0, 900.0000000000018, 0.0, 0.0, 8755, 11461, 0.0011837854750703773, -0.0018769302842574864, 9.7893601158644881, 0.030552465702632554, 1.3918112428806064, 2.388718329007541, 0.014346502571039227, 3.678213837850208, 2.3402205046712026, 29.4604882222608, 900, 0.9999999999999999, 0.001111111111111111, 1.3918112428806066, 440, 116, 2.3887183290075393]
2
[900, 12097, 0.030021048995221126, 26.88222222222222, 27.80549803508127, 0.41630655975904285, 933.4722393442629, 0.0022222222222222222, 4, 3, 898, 3.002222222222222, 0.029971592223486845, 900, 1.3725150108694875, 1.3759033091398174, 1.0, 900.000000000002, 0.0, 0.0, 8631, 11198, 0.0011815854354948509, -0.0042620134684670345, 9.7891728905686737, 0.029902360647633172, 1.4074856745059465, 2.404357928562595, 0.014032550707472308, 3.700041801015035, 2.351134486253628, 29.45238810505274, 898, 0.9999999999999988, 0.0011111111111111098, 1.4074856745059494, 435, 111, 2.4043579285626]
