3
[900, 2084, 0.02697530864197532, 4.631111111111111, 5.33273905723906, 0.20904079031019762, 1085.021107904443, 'ND', 'ND', 'ND', 'ND', 'ND', 0.026615969581749048, 900, 1.8481542409081924, 1.8555327530058177, 0.9877777777777778, 889.0000000000016, 0.012222222222222223, 0.0, 1945, 1196, 0.001962760482669932, 0.16958849879693449, 'ND', 0.0051514027932270424, 3.629008722881894, 4.596635768137441, 'ND', 'ND', 'ND', 23.79126627285238, 'ND', 0.999999999999998, 0.001111111111111109, 3.629008722881895, 384, 327, 'ND']
3
[900, 2162, 0.022240487907154577, 4.804444444444444, 5.6715774965775, 0.21713395158814397, 1086.4222609901756, 'ND', 'ND', 'ND', 'ND', 'ND', 0.025944726452340666, 900, 1.90247056633824, 1.939266540839135, 0.9933333333333333, 894.000000000001, 0.006666666666666667, 0.0, 2011, 1269, 0.0021220458895272747, 0.226124083052922, 'ND', 0.005344209615622296, 3.55494969664388, 4.5337535533308655, 'ND', 'ND', 'ND', 19.480052002332425, 'ND', 1.0000000000000002, 0.0011111111111111113, 3.554949696643877, 390, 321, 'ND']
3
[900, 2143, 0.02362425229091895, 4.762222222222222, 5.478639890973227, 0.2145775092635017, 1081.196669701555, 'ND', 'ND', 'ND', 'ND', 'ND', 0.023414048429057435, 900, 1.8380163048885574, 1.8417172783060585, 0.99, 891.0000000000019, 0.01, 0.0, 2020, 1253, 0.002350990398260596, 0.15011227512728781, 'ND', 0.005297243851192683, 3.538544435663485, 4.510769991348414, 'ND', 'ND', 'ND', 24.12899101827836, 'ND', 0.9999999999999994, 0.0011111111111111105, 3.538544435663487, 388, 321, 'ND']
3
[900, 2216, 0.02386724386724387, 4.924444444444444, 5.650369368286031, 0.21812421519878955, 1074.1548491745993, 'ND', 'ND', 'ND', 'ND', 'ND', 0.027051895472948104, 900, 1.8173929433743907, 1.8233954026591197, 0.9877777777777778, 889.0000000000006, 0.012222222222222223, 0.0, 2066, 1328, 0.002393247875158946, 0.21145488570911652, 'ND', 0.005477691261895934, 3.43380791822639, 4.401868743047836, 'ND', 'ND', 'ND', 23.512786411235357, 'ND', 0.9999999999999996, 0.0011111111111111107, 3.433807918226386, 391, 319, 'ND']
3
[900, 2205, 0.02609994943328274, 4.9, 5.762843150676481, 0.21839585434414172, 1081.7205907504415, 'ND', 'ND', 'ND', 'ND', 'ND', 0.03280614550384094, 900, 1.8527534703567388, 2.0000000000000115, 0.9888888888888889, 892.0000000000023, 0.008888888888888889, 0.0022222222222222222, 2015, 1315, 0.004378391760753485, 0.1803147538947231, 'ND', 0.005450500556173526, 3.4516550188157518, 4.421876158694849, 'ND', 'ND', 'ND', 22.45183999176438, 'ND', 0.9999999999999983, 0.0011111111111111092, 3.4516550188157598, 397, 318, 'ND']
3
[900, 2224, 0.02003920153920153, 4.942222222222222, 5.672371221371217, 0.217819411403925, 1078.1947516398586, 'ND', 'ND', 'ND', 'ND', 'ND', 0.025617482324855386, 900, 1.8476891848407178, 1.9999999999999936, 0.9877777777777778, 891.0000000000019, 0.01, 0.0022222222222222222, 2082, 1335, 0.002094136678130906, 0.1605257925896815, 'ND', 0.005497466320603139, 3.441195488181625, 4.409242368063283, 'ND', 'ND', 'ND', 24.679721743238368, 'ND', 0.9999999999999991, 0.00111111111111111, 3.44119548818162, 396, 322, 'ND']
3
[900, 2181, 0.02751369618036285, 4.846666666666667, 5.723209602126266, 0.21676234015817772, 1076.8641553053753, 'ND', 'ND', 'ND', 'ND', 'ND', 0.024685650887573966, 900, 1.8384425377329319, 2.0000000000000027, 0.9844444444444445, 889.000000000002, 0.012222222222222223, 0.0011111111111111111, 2046, 1294, 0.0020090789297762686, 0.16366696959154983, 'ND', 0.00539117538005191, 3.4102380521787334, 4.371780991224825, 'ND', 'ND', 'ND', 23.14418095827932, 'ND', 0.999999999999999, 0.00111111111111111, 3.410238052178739, 394, 335, 'ND']
3
[900, 2190, 0.021908048741382066, 4.866666666666666, 5.765136844636843, 0.21672755969668486, 1087.774163405339, 'ND', 'ND', 'ND', 'ND', 'ND', 0.025636313516493613, 900, 2.0, 2.000000000000009, 0.9877777777777778, 895.0000000000009, 0.005555555555555556, 0.006666666666666667, 2040, 1299, 0.0018283592557867346, 0.1625801746376605, 'ND', 0.005413422321097516, 3.4674582745985973, 4.435451736497345, 'ND', 'ND', 'ND', 22.89456689493385, 'ND', 1.0000000000000007, 0.0011111111111111118, 3.467458274598595, 395, 327, 'ND']
3
[900, 2093, 0.024097273097273098, 4.651111111111111, 5.436477809227814, 0.21026818312033985, 1084.904759303751, 'ND', 'ND', 'ND', 'ND', 'ND', 0.02363896848137536, 900, 1.8319044531489772, 1.8497029666998221, 0.9844444444444445, 889.0000000000018, 0.012222222222222223, 0.0, 1977, 1206, 0.002288332012236931, 0.1732405863228392, 'ND', 0.0051736497342726485, 3.5461846991584296, 4.507425534544548, 'ND', 'ND', 'ND', 23.24254909412104, 'ND', 1.0000000000000009, 0.0011111111111111122, 3.546184699158432, 376, 320, 'ND']
3
[900, 2201, 0.023767238933905588, 4.891111111111111, 5.713540804874141, 0.2151871072826553, 1077.5363393328705, 'ND', 'ND', 'ND', 'ND', 'ND', 0.030105777054515868, 900, 1.893969644602591, 1.9999999999999896, 0.9833333333333333, 888.0000000000016, 0.013333333333333334, 0.0011111111111111111, 2039, 1315, 0.004447019726443236, 0.20921221167274326, 'ND', 0.005440613026819923, 3.430735957547484, 4.390045729823259, 'ND', 'ND', 'ND', 22.988170920541652, 'ND', 1.000000000000001, 0.0011111111111111124, 3.4307359575474847, 386, 316, 'ND']
3
[900, 2165, 0.023795815295815287, 4.811111111111111, 5.636918590668597, 0.21667890735058035, 1086.3236889301209, 'ND', 'ND', 'ND', 'ND', 'ND', 0.026667941120244697, 900, 1.8457894814361138, 1.9999999999999916, 0.9911111111111112, 894.0000000000009, 0.006666666666666667, 0.0022222222222222222, 2017, 1273, 0.0016392802845940076, 0.16290691916049507, 'ND', 0.005351625262637498, 3.5192753145662983, 4.493748609566174, 'ND', 'ND', 'ND', 24.1639840261693, 'ND', 1.0000000000000004, 0.0011111111111111115, 3.5192753145662956, 389, 320, 'ND']
3
[900, 2184, 0.026142844809511467, 4.8533333333333335, 5.6057576035075956, 0.21395814126571802, 1073.6039331245595, 'ND', 'ND', 'ND', 'ND', 'ND', 0.025881470367591898, 900, 1.8711980280713973, 1.888008328229897, 0.9811111111111112, 886.000000000002, 0.015555555555555555, 0.0, 2046, 1300, 0.0019448815899627098, 0.1986129032258071, 'ND', 0.005398591027067112, 3.4155520486757123, 4.370527746879248, 'ND', 'ND', 'ND', 21.17846656025254, 'ND', 1.0000000000000002, 0.0011111111111111113, 3.41555204867571, 391, 315, 'ND']
3
[900, 2139, 0.02846384479717813, 4.753333333333333, 5.417904962321626, 0.20843815583314665, (1074.5764899848875+0j), 'ND', 'ND', 'ND', 'ND', 'ND', 0.030312124849939975, 900, 'ND', 'ND', 0.9733333333333334, (883.0000000000016+0j), 0.01888888888888889, 0.005555555555555556, 1989, 1260, 0.0023404044140326184, 0.16287977211267385, 'ND', 0.0052873563218390806, 3.399880094438019, 4.339686070943025, 'ND', 'ND', 'ND', 24.53867035454109, 'ND', 0.9999999999999981, 0.001111111111111109, 3.3998800944380165, 391, 320, 'ND']
3
[900, 2196, 0.028659371492704852, 4.88, 5.7059203019203, 0.21748379563313358, 1080.3934954297376, 'ND', 'ND', 'ND', 'ND', 'ND', 0.029107551487414188, 900, 1.841326642814213, 1.8852895856029281, 0.99, 891.0000000000022, 0.01, 0.0, 2038, 1306, 0.0032519903560315764, 0.19661673546458586, 'ND', 0.00542825361512792, 3.4891700999130433, 4.461505376344098, 'ND', 'ND', 'ND', 21.462699534846365, 'ND', 0.9999999999999999, 0.001111111111111111, 3.4891700999130406, 385, 314, 'ND']
3
[900, 2160, 0.023513098013098, 4.8, 5.596706158039496, 0.2154821658363747, 1087.1756590481493, 'ND', 'ND', 'ND', 'ND', 'ND', 0.030017485914124734, 900, 2.0000000000000075, 2.000000000000009, 0.99, 895.0000000000011, 0.005555555555555556, 0.0044444444444444444, 2000, 1268, 0.0027506285869545568, 0.16891168993665406, 'ND', 0.005339265850945495, 3.520461983247901, 4.4927326659250975, 'ND', 'ND', 'ND', 22.748118121456372, 'ND', 1.0000000000000002, 0.0011111111111111113, 3.5204619832479005, 392, 322, 'ND']
3
[900, 2038, 0.01999543049543049, 4.528888888888889, 5.216893578643582, 0.20755405035601818, 1094.533231006212, 'ND', 'ND', 'ND', 'ND', 'ND', 0.021799888205701508, 900, 1.8402405359633374, 2.0, 0.9888888888888889, 892.000000000002, 0.008888888888888889, 0.0022222222222222222, 1935, 1148, 0.0016558456461531655, 0.13960047520058036, 'ND', 0.00503769620566061, 3.678655571273205, 4.648372265480164, 'ND', 'ND', 'ND', 24.766966398726527, 'ND', 0.9999999999999992, 0.0011111111111111102, 3.6786555712732016, 387, 326, 'ND']
3
[900, 2119, 0.023943722943722937, 4.708888888888889, 5.552957940207943, 0.21504301325345596, 1088.9617509430627, 'ND', 'ND', 'ND', 'ND', 'ND', 0.02433475121179147, 900, 1.8339822796279124, 2.000000000000004, 0.99, 893.0000000000017, 0.0077777777777777776, 0.0022222222222222222, 1986, 1228, 0.0018243019973882518, 0.17669068437513513, 'ND', 0.005237918675071067, 3.535281716135965, 4.50751699419109, 'ND', 'ND', 'ND', 23.766985043156506, 'ND', 1.000000000000002, 0.0011111111111111133, 3.5352817161359664, 386, 319, 'ND']
3
[900, 2136, 0.020057239057239055, 4.746666666666667, 5.628750721500715, 0.2156438784064519, 1086.4047617668152, 'ND', 'ND', 'ND', 'ND', 'ND', 0.020274184205445068, 900, 1.8493424092059982, 2.0000000000000284, 0.9888888888888889, 892.0000000000016, 0.008888888888888889, 0.0022222222222222222, 2017, 1246, 0.002082495787871586, 0.1677472501173512, 'ND', 0.0052799406748238785, 3.5074358790142997, 4.477533061426279, 'ND', 'ND', 'ND', 22.7992591207214, 'ND', 1.0000000000000004, 0.0011111111111111115, 3.5074358790142988, 385, 312, 'ND']
3
[900, 2130, 0.026785683452350127, 4.733333333333333, 5.523448372615034, 0.2138676360511403, 1086.6396944788069, 'ND', 'ND', 'ND', 'ND', 'ND', 0.025810917721518986, 900, 1.8934660685289126, 2.0000000000000138, 0.9888888888888889, 892.0000000000019, 0.008888888888888889, 0.0022222222222222222, 1999, 1240, 0.002466454732386552, 0.19206067360904849, 'ND', 0.0052651093807934745, 3.544988120926244, 4.515001853911753, 'ND', 'ND', 'ND', 22.568424977128082, 'ND', 1.0000000000000018, 0.001111111111111113, 3.5449881209262464, 391, 326, 'ND']
3
[900, 2222, 0.023674344174344178, 4.937777777777778, 5.787303517470185, 0.21657844286727673, 1068.1506557780071, 'ND', 'ND', 'ND', 'ND', 'ND', 0.02502218278615794, 900, 1.9999999999999911, 2.0000000000000107, 0.9777777777777777, 884.000000000002, 0.017777777777777778, 0.0044444444444444444, 2073, 1341, 0.0022404851066291477, 0.16936889064643296, 'ND', 0.005492522555926338, 3.3109567423343393, 4.259629217649237, 'ND', 'ND', 'ND', 23.421146062008468, 'ND', 0.9999999999999994, 0.0011111111111111105, 3.310956742334344, 383, 323, 'ND']
