3
[1500, 6082, 0.20387679767199862, 8.109333333333334, 8.826740652562094, 0.23923518817399464, 1700.7333260197815, 'ND', 'ND', 'ND', 'ND', 'ND', 0.20139713179350469, 1500, 1.752478741074691, 1.7833411160003845, 0.9973333333333333, 1499.0000000000023, 0.0006666666666666666, 0.0, 3824, 4585, 0.020094156634840436, 0.46670311828952393, 'ND', 0.005409828774738714, 3.176470116704412, 4.166909495219024, 'ND', 'ND', 'ND', 15.96687458069515, 'ND', 0.9999999999999986, 0.0006666666666666657, 3.1764701167044085, 690, 375, 'ND']
3
[1500, 6078, 0.20380581978507636, 8.104, 8.749831128334447, 0.23813401300821258, 1696.3982615155937, 'ND', 'ND', 'ND', 'ND', 'ND', 0.1997324120853885, 1500, 1.7692506725867703, 2.0000000000000027, 0.9953333333333333, 1498.0000000000018, 0.0013333333333333333, 0.0013333333333333333, 3829, 4583, 0.019728902447902683, 0.42763080876076759, 'ND', 0.005406270847231488, 3.1613893018131303, 4.147863019790964, 'ND', 'ND', 'ND', 23.257264647376573, 'ND', 0.9999999999999994, 0.0006666666666666663, 3.1613893018131365, 684, 352, 'ND']
3
[1500, 6019, 0.1996563341886872, 8.025333333333334, 8.654170337070331, 0.2387112889750812, 1698.9357888496083, 'ND', 'ND', 'ND', 'ND', 'ND', 0.19919876733436057, 1500, 1.7528410753019104, 1.8099830930833192, 0.9993333333333333, 1499.0000000000014, 0.0006666666666666666, 0.0, 3831, 4521, 0.01903714480194757, 0.38206023535818096, 'ND', 0.0053537914164998885, 3.209960178169516, 4.20434689793195, 'ND', 'ND', 'ND', 27.736130678830012, 'ND', 0.9999999999999996, 0.0006666666666666663, 3.2099601781695233, 692, 359, 'ND']
3
[1500, 6115, 0.20051251167133494, 8.153333333333334, 8.840414022905186, 0.24016755603743914, 1693.4700618841264, 'ND', 'ND', 'ND', 'ND', 'ND', 0.20414742014742016, 1500, 1.6923903047307018, 1.6983951939200201, 0.9986666666666667, 1498.000000000002, 0.0013333333333333333, 0.0, 3882, 4618, 0.01858021813188816, 0.40684431365449419, 'ND', 0.0054391816766733376, 3.1726482541543004, 4.165752279297312, 'ND', 'ND', 'ND', 23.03978366094847, 'ND', 1.0000000000000004, 0.000666666666666667, 3.172648254154308, 689, 365, 'ND']
3
[1500, 6211, 0.20685049400204214, 8.281333333333333, 8.992482357869742, 0.24135277320541002, 1696.7962875139885, 0.0026666666666666666, 9, 6, 557, 6.684, 0.21215357805385351, 1500, 1.7318367546250626, 1.7399036100558276, 1.0, 1500.0000000000014, 0.0, 0.0, 3885, 4712, 0.02009803684032096, 0.45818265732184049, 10.433906834187141, 0.005524571936846787, 3.177179089575513, 4.172942850789419, 0.0018465601440530437, 7.3949466959153405, 4.1981409046999865, 'ND', 557, 0.9999999999999991, 0.0006666666666666661, 3.1771790895755063, 694, 367, 4.172942850789415]
3
[1500, 5993, 0.19964636692283713, 7.990666666666667, 8.614998511891162, 0.23717530165706735, 1700.9325167988372, 'ND', 'ND', 'ND', 'ND', 'ND', 0.20166508675761446, 1500, 1.8044542543513524, 1.8873787468081287, 0.9986666666666667, 1498.0000000000007, 0.0013333333333333333, 0.0, 3792, 4496, 0.019595129734192543, 0.40255319152656743, 'ND', 0.005330664887702913, 3.2311091239286363, 4.224135201245268, 'ND', 'ND', 'ND', 26.67528639269341, 'ND', 1.0000000000000004, 0.000666666666666667, 3.2311091239286256, 690, 363, 'ND']
3
[1500, 5983, 0.19845086068615495, 7.977333333333333, 8.63263504904682, 0.23865815795371656, 1700.472777124779, 0.0013333333333333333, 11, 6, 55, 7.430666666666666, 0.1980052253970887, 1500, 1.7904520062266926, 1.867621861212955, 1.0, 1500.000000000002, 0.0, 0.0, 3794, 4484, 0.019726945213034378, 0.39382105094034781, 10.449755681243136, 0.005321770068934846, 3.2204959069286128, 4.216201912386026, 0.0018038906676998265, 7.439444583523838, 4.220389848504245, 22.660749075079163, 55, 0.9999999999999983, 0.0006666666666666656, 3.2204959069286088, 693, 375, 4.216201912386035]
3
[1500, 6014, 0.19243572116451382, 8.018666666666666, 8.611790954209754, 0.2376903248307923, 1701.6596996467194, 'ND', 'ND', 'ND', 'ND', 'ND', 0.19250937882148114, 1500, 1.9542715406118054, 1.9999999999999982, 0.9986666666666667, 1500.0000000000018, 0.0, 0.0013333333333333333, 3860, 4516, 0.020362231329885162, 0.37741364846121045, 10.455956346208696, 0.005349344007115855, 3.2249047206370705, 4.217939959973317, 'ND', 'ND', 'ND', 16.016908524061506, 'ND', 0.9999999999999996, 0.0006666666666666663, 3.224904720637072, 695, 362, 'ND']
3
[1500, 5946, 0.18630482503392723, 7.928, 8.551232742452465, 0.23773015569680653, 1699.7988827532151, 'ND', 'ND', 'ND', 'ND', 'ND', 0.19582691617966624, 1500, 1.7174122474689082, 1.7269367929587764, 0.9993333333333333, 1499.0000000000016, 0.0006666666666666666, 0.0, 3824, 4448, 0.015906419116945274, 0.40562598021370527, 'ND', 0.005288859239492996, 3.2227858180487075, 4.2171554369579605, 'ND', 'ND', 'ND', 19.29501705764983, 'ND', 0.9999999999999992, 0.0006666666666666661, 3.2227858180486995, 692, 368, 'ND']
3
[1500, 6213, 0.2053258693032689, 8.284, 8.984424952298017, 0.24103524111029534, 1694.321108977996, 'ND', 'ND', 'ND', 'ND', 'ND', 0.20813682595602023, 1500, 1.7737280948146827, 1.8869668983681236, 0.9993333333333333, 1499.0000000000002, 0.0006666666666666666, 0.0, 3914, 4715, 0.019838568493169482, 0.41968292973718652, 'ND', 0.0055263509006004, 3.1700332486900487, 4.16447320435846, 'ND', 'ND', 'ND', 20.609078463096882, 'ND', 1.0000000000000007, 0.0006666666666666671, 3.170033248690049, 693, 360, 'ND']
3
[1500, 6032, 0.20179620752484545, 8.042666666666667, 8.639805544174898, 0.23834537475840387, 1699.8698829055168, 'ND', 'ND', 'ND', 'ND', 'ND', 0.19882116158711904, 1500, 1.8483905418920312, 2.0, 0.9986666666666667, 1500.0000000000025, 0.0, 0.0013333333333333333, 3846, 4534, 0.01950615261830414, 0.41965477020699832, 10.456241516964287, 0.005365354680898377, 3.2056778395209613, 4.19873871469871, 'ND', 'ND', 'ND', 22.342002492062147, 'ND', 1.0, 0.0006666666666666666, 3.2056778395209693, 690, 359, 'ND']
3
[1500, 6003, 0.19420476897829791, 8.004, 8.611449046759338, 0.23821919083344073, 1697.0631858648924, 'ND', 'ND', 'ND', 'ND', 'ND', 0.1922284000749672, 1500, 1.7120022432158384, 2.000000000000006, 0.9973333333333333, 1498.0000000000005, 0.0013333333333333333, 0.0013333333333333333, 3823, 4507, 0.018993899212845722, 0.36589197371310911, 'ND', 0.0053395597064709805, 3.1873478625269565, 4.177770958416729, 'ND', 'ND', 'ND', 28.86264845309439, 'ND', 1.0000000000000013, 0.0006666666666666675, 3.1873478625269507, 691, 367, 'ND']
3
[1500, 6067, 0.20085437245932605, 8.089333333333334, 8.742128089517415, 0.24020920939649754, 1696.16314275942, 'ND', 'ND', 'ND', 'ND', 'ND', 0.19669180150809049, 1500, 1.6987314257805284, 1.7121760200241882, 0.9986666666666667, 1498.0000000000016, 0.0013333333333333333, 0.0, 3856, 4570, 0.017761075449483705, 0.44182892826958681, 'ND', 0.0053964865465866135, 3.174648697707685, 4.167750055592622, 'ND', 'ND', 'ND', 13.198070101736974, 'ND', 0.9999999999999996, 0.0006666666666666663, 3.1746486977076844, 689, 358, 'ND']
3
[1500, 6024, 0.19951179778826822, 8.032, 8.634641611765131, 0.2390369573891067, 1697.927113867346, 0.006666666666666667, 9, 6, 248, 6.933333333333334, 0.20074696545284781, 1500, 1.7140192205282263, 1.7801997100177598, 1.0, 1499.9999999999998, 0.0, 0.0, 3859, 4525, 0.019286014058912008, 0.37450804307423158, 10.459516258677519, 0.005358238825883922, 3.210674495057227, 4.206393595730482, 0.0018470122048628351, 7.42732396657743, 4.2143295400310326, 25.29786838040377, 248, 0.9999999999999999, 0.0006666666666666666, 3.2106744950572286, 696, 368, 4.206393595730487]
3
[1500, 6004, 0.1935967616261733, 8.005333333333333, 8.616238882250643, 0.23907714311405492, 1700.4361313674178, 0.0013333333333333333, 10, 6, 56, 7.375333333333334, 0.19133872937669488, 1500, 1.7904352012871738, 1.8180794534473632, 1.0, 1500.000000000004, 0.0, 0.0, 3818, 4505, 0.017120561073008318, 0.40395177936569743, 10.454469200310207, 0.005340449188347788, 3.2130365504016476, 4.20875250166776, 0.0018335708396831883, 7.425432151663525, 4.21338363257408, 25.72612611783436, 56, 1.0000000000000004, 0.000666666666666667, 3.213036550401649, 692, 371, 4.208752501667779]
3
[1500, 6138, 0.200001815109555, 8.184, 8.869302782170815, 0.2413685051404533, 1696.64824477575, 0.005333333333333333, 9, 6, 475, 6.751333333333333, 0.19809948608552314, 1500, 1.6622962760215043, 1.687564695845545, 1.0, 1500.0000000000018, 0.0, 0.0, 3938, 4639, 0.02192663554229494, 0.44226365745575591, 10.443200346008613, 0.005459639759839893, 3.1757477837917687, 4.171513453413385, 0.0018586844290424652, 7.364664737214293, 4.182999925349463, 'ND', 475, 1.0000000000000004, 0.000666666666666667, 3.1757477837917745, 698, 359, 4.171513453413387]
3
[1500, 5984, 0.20367684820626022, 7.978666666666666, 8.549372855466965, 0.2380937002788806, 1697.8453423099518, 0.0026666666666666666, 9, 6, 464, 6.742, 0.2000846113167636, 1500, 1.6518562895134279, 1.6569214255888796, 1.0, 1500.0000000000032, 0.0, 0.0, 3791, 4485, 0.019779260428614238, 0.38076123630546532, 10.464615116453494, 0.005322659550811652, 3.227315762800472, 4.223012675116743, 0.0018556508702847318, 7.464493691429126, 4.232914402456885, 22.814331242532855, 464, 0.9999999999999991, 0.0006666666666666661, 3.227315762800475, 699, 365, 4.2230126751167445]
3
[1500, 5941, 0.19577066462948828, 7.921333333333333, 8.560986004572769, 0.23783180394680023, 1703.6087930832966, 'ND', 'ND', 'ND', 'ND', 'ND', 0.18992068179900432, 1500, 1.8133617118724799, 2.0, 0.9986666666666667, 1499.9999999999998, 0.0, 0.0013333333333333333, 3833, 4443, 0.018579759267801494, 0.38691550989174256, 10.451229215742799, 0.005284411830108962, 3.2153994964155035, 4.208447409384026, 'ND', 'ND', 'ND', 20.436509045466305, 'ND', 1.0000000000000007, 0.0006666666666666671, 3.2153994964155004, 695, 360, 'ND']
3
[1500, 5990, 0.19451132911772975, 7.986666666666666, 8.655639157872784, 0.2389084371009399, 1697.6254917233323, 'ND', 'ND', 'ND', 'ND', 'ND', 0.1920417348608838, 1500, 1.6905521796439071, 1.6928030137672716, 0.9986666666666667, 1498.0000000000014, 0.0013333333333333333, 0.0, 3792, 4493, 0.017377857611699837, 0.45186092361121483, 'ND', 0.005327996442072493, 3.195972214676275, 4.189045141205237, 'ND', 'ND', 'ND', 11.876794127907043, 'ND', 0.999999999999999, 0.000666666666666666, 3.1959722146762717, 683, 381, 'ND']
3
[1500, 6017, 0.2004881619813508, 8.022666666666666, 8.660097436243946, 0.2377785979461616, 1702.983494543533, 'ND', 'ND', 'ND', 'ND', 'ND', 0.20169446865435678, 1500, 1.7366372819917433, 1.856568326584257, 0.9966666666666667, 1500.0000000000014, 0.0, 0.0, 3818, 4519, 0.018786365891354517, 0.4619898299481946, 10.442052661413911, 0.005352012452746275, 3.1882046865244393, 4.177304869913286, 'ND', 'ND', 'ND', 17.074851077952864, 'ND', 0.9999999999999986, 0.0006666666666666657, 3.188204686524435, 690, 361, 'ND']
