3
[1000, 2786, 0.07249890077243033, 5.572, 6.375310705879092, 0.22513840665459053, 1184.0872462485768, 'ND', 'ND', 'ND', 'ND', 'ND', 0.07685691466486454, 1000, 1.801868038991258, 1.8199367429852107, 0.993, 993.0000000000022, 0.007, 0.0, 2317, 1794, 0.005907752159269145, 0.34783072433842471, 'ND', 0.005577577577577578, 3.3845448655067925, 4.363817817817818, 'ND', 'ND', 'ND', 17.455094829478977, 'ND', 0.9999999999999999, 0.0009999999999999998, 3.3845448655067916, 440, 328, 'ND']
3
[1000, 2703, 0.06351008436008454, 5.406, 6.170088519813516, 0.22211468821223918, 1183.7808340495117, 'ND', 'ND', 'ND', 'ND', 'ND', 0.07104832104832105, 1000, 1.8145590732965902, 1.915262112677613, 0.993, 993.0000000000016, 0.007, 0.0, 2262, 1711, 0.005144284391376586, 0.21730634090465081, 'ND', 0.0054114114114114115, 3.433732329523913, 4.412906906906908, 'ND', 'ND', 'ND', 24.91745864650407, 'ND', 1.0, 0.001, 3.433732329523915, 437, 325, 'ND']
3
[1000, 2665, 0.06972448107448122, 5.33, 6.0276171717171705, 0.21949977261180276, 1189.556824687106, 'ND', 'ND', 'ND', 'ND', 'ND', 0.06642614601018676, 1000, 1.8409111202249668, 1.881277131174151, 0.991, 994.0000000000026, 0.006, 0.0, 2260, 1673, 0.006561194356239885, 0.25813116690176646, 'ND', 0.005335335335335335, 3.4571364952126467, 4.432300300300296, 'ND', 'ND', 'ND', 23.35363425772994, 'ND', 1.0000000000000002, 0.0010000000000000002, 3.457136495212645, 436, 329, 'ND']
3
[1000, 2634, 0.06374593739593759, 5.268, 5.946873631923634, 0.21681348141888132, 1190.4552241453466, 'ND', 'ND', 'ND', 'ND', 'ND', 0.07316017316017316, 1000, 1.8920354404574995, 1.898050413815912, 0.992, 992.000000000002, 0.008, 0.0, 2229, 1643, 0.004686382447089855, 0.26402649463804506, 'ND', 0.005273273273273273, 3.5365947109434064, 4.513577577577574, 'ND', 'ND', 'ND', 12.494458109340158, 'ND', 0.9999999999999988, 0.0009999999999999987, 3.5365947109434086, 445, 334, 'ND']
3
[1000, 2646, 0.06169538794538811, 5.292, 6.0840011793761795, 0.21904091915546564, 1187.7332149768342, 'ND', 'ND', 'ND', 'ND', 'ND', 0.06803951579240294, 1000, 1.8306239161952258, 1.9999999999999976, 0.989, 991.0000000000017, 0.009, 0.002, 2251, 1657, 0.004912809159564724, 0.27868418332160272, 'ND', 0.005297297297297297, 3.43489381164732, 4.406136136136134, 'ND', 'ND', 'ND', 18.40601719064914, 'ND', 0.9999999999999999, 0.0009999999999999998, 3.434893811647319, 448, 336, 'ND']
3
[1000, 2611, 0.06809422799422818, 5.222, 5.886502497502503, 0.2139823184855727, 1191.3220158513614, 'ND', 'ND', 'ND', 'ND', 'ND', 0.06716253037778923, 1000, 1.9999999999999922, 1.9999999999999958, 0.984, 991.0000000000023, 0.009, 0.004, 2238, 1624, 0.006584178636400851, 0.27902865323455917, 'ND', 0.005227227227227228, 3.460440400320158, 4.421769769769767, 'ND', 'ND', 'ND', 18.29303218141873, 'ND', 0.9999999999999998, 0.0009999999999999998, 3.460440400320153, 442, 334, 'ND']
3
[1000, 2609, 0.07057208347208367, 5.218, 5.833330641580636, 0.21563151563194138, 1200.2848716767448, 'ND', 'ND', 'ND', 'ND', 'ND', 0.06464449282979202, 1000, 1.9999999999999942, 2.000000000000001, 0.99, 997.0000000000023, 0.003, 0.004, 2219, 1616, 0.007082580388643125, 0.27584641027283185, 'ND', 0.005223223223223223, 3.5209698676632515, 4.494028028028021, 'ND', 'ND', 'ND', 23.187441412804557, 'ND', 0.9999999999999999, 0.0009999999999999998, 3.5209698676632524, 438, 325, 'ND']
3
[1000, 2649, 0.05632350427350448, 5.298, 5.958550849150847, 0.2173558564894232, 1197.5295332743692, 'ND', 'ND', 'ND', 'ND', 'ND', 0.06091698356891727, 1000, 2.0000000000000036, 2.0000000000000235, 0.987, 995.0000000000013, 0.005, 0.008, 2273, 1659, 0.006364374152816861, 0.26582893750779957, 'ND', 0.005303303303303303, 3.439712257347528, 4.406996996996991, 'ND', 'ND', 'ND', 23.0443873676181, 'ND', 0.9999999999999999, 0.0009999999999999998, 3.439712257347528, 449, 317, 'ND']
3
[1000, 2596, 0.06258634143634165, 5.192, 5.870226368076371, 0.21619218683669003, 1197.3806981957534, 'ND', 'ND', 'ND', 'ND', 'ND', 0.06405296830828745, 1000, 1.9999999999999953, 2.0000000000000075, 0.99, 994.0000000000011, 0.006, 0.004, 2219, 1605, 0.004665911874845294, 0.27058437412355635, 'ND', 0.0051971971971971976, 3.5102938609952647, 4.4833673673673715, 'ND', 'ND', 'ND', 20.802673913125027, 'ND', 0.9999999999999988, 0.0009999999999999987, 3.5102938609952647, 438, 334, 'ND']
3
[1000, 2710, 0.059951820401820594, 5.42, 6.192904698079704, 0.22209706562100728, 1195.634521547078, 'ND', 'ND', 'ND', 'ND', 'ND', 0.07038948850305021, 1000, 1.905322424283175, 2.0000000000000053, 0.997, 999.0000000000016, 0.001, 0.002, 2295, 1713, 0.006242156198943016, 0.28863769305441322, 'ND', 0.005425425425425425, 3.5058986842553965, 4.492894894894895, 'ND', 'ND', 'ND', 19.52649605358243, 'ND', 0.9999999999999992, 0.0009999999999999992, 3.505898684255396, 447, 316, 'ND']
3
[1000, 2658, 0.0715642080142082, 5.316, 6.07052169219669, 0.21958942484032962, 1187.0623791037845, 'ND', 'ND', 'ND', 'ND', 'ND', 0.06827473426001636, 1000, 1.833905657317951, 1.868349801044242, 0.989, 989.0000000000025, 0.011, 0.0, 2241, 1670, 0.0056582301746234895, 0.31625744042304899, 'ND', 0.0053213213213213215, 3.4333812770686527, 4.404624624624619, 'ND', 'ND', 'ND', 21.001477981457647, 'ND', 1.0000000000000004, 0.0010000000000000005, 3.433381277068655, 435, 323, 'ND']
3
[1000, 2628, 0.061778271728271945, 5.256, 6.033826984126984, 0.21694913043903294, 1196.395344388659, 'ND', 'ND', 'ND', 'ND', 'ND', 0.06813402495443713, 1000, 1.9999999999999967, 2.0000000000000027, 0.986, 993.0000000000025, 0.007, 0.005, 2217, 1639, 0.005380198112847319, 0.31348305247174341, 'ND', 0.0052612612612612615, 3.434123502259778, 4.399447447447442, 'ND', 'ND', 'ND', 19.7231194819571, 'ND', 1.0000000000000002, 0.0010000000000000002, 3.434123502259773, 440, 327, 'ND']
3
[1000, 2742, 0.06051040348540367, 5.484, 6.296497688422689, 0.22173831070065386, 1177.3351620691199, 'ND', 'ND', 'ND', 'ND', 'ND', 0.067816091954023, 1000, 1.8458029402413556, 1.9062947024445993, 0.987, 987.0000000000011, 0.013, 0.0, 2331, 1756, 0.006862221657629756, 0.28975169365770764, 'ND', 0.00548948948948949, 3.3582460215726755, 4.325685685685689, 'ND', 'ND', 'ND', 18.55147288675574, 'ND', 1.0, 0.001, 3.358246021572674, 438, 343, 'ND']
3
[1000, 2628, 0.054854440004440154, 5.256, 5.867362892662899, 0.21798302505976078, 1198.0781283877689, 'ND', 'ND', 'ND', 'ND', 'ND', 0.05919302394324564, 1000, 1.9999999999999845, 1.9999999999999927, 0.992, 996.0000000000026, 0.004, 0.004, 2269, 1635, 0.004603714056384868, 0.28437179298082726, 'ND', 0.0052612612612612615, 3.502596785161911, 4.479651651651652, 'ND', 'ND', 'ND', 23.17907721248958, 'ND', 0.9999999999999992, 0.0009999999999999992, 3.5025967851619138, 450, 334, 'ND']
3
[1000, 2719, 0.07206727161727185, 5.438, 6.241438589188582, 0.22318460259432252, 1187.5566655330874, 'ND', 'ND', 'ND', 'ND', 'ND', 0.06824025845585811, 1000, 1.846091454214617, 1.907961758255553, 0.994, 994.0000000000018, 0.006, 0.0, 2274, 1726, 0.00591046386211893, 0.26733911788094894, 'ND', 0.0054434434434434435, 3.4374434554795243, 4.418598598598602, 'ND', 'ND', 'ND', 23.45206721207581, 'ND', 0.9999999999999989, 0.000999999999999999, 3.437443455479528, 436, 332, 'ND']
3
[1000, 2741, 0.06784211344211362, 5.482, 6.269252783327778, 0.22230948241736184, 1188.534123627346, 'ND', 'ND', 'ND', 'ND', 'ND', 0.0671219512195122, 1000, 2.000000000000006, 2.0000000000000093, 0.985, 993.0000000000024, 0.007, 0.008, 2289, 1753, 0.004012744681500615, 0.25499595416153642, 'ND', 0.005487487487487487, 3.3085891502725207, 4.272190190190194, 'ND', 'ND', 'ND', 20.00069421646031, 'ND', 0.9999999999999989, 0.000999999999999999, 3.308589150272517, 444, 328, 'ND']
3
[1000, 2727, 0.0832371073371075, 5.454, 6.195579537129543, 0.21983214226219785, 1182.8112377659672, 'ND', 'ND', 'ND', 'ND', 'ND', 0.0777748309242806, 1000, 1.8150706127553815, 1.9999999999999962, 0.986, 991.000000000002, 0.009, 0.002, 2269, 1739, 0.007658397581163941, 0.24818288634925353, 'ND', 0.005459459459459459, 3.3725870158735884, 4.338032032032032, 'ND', 'ND', 'ND', 24.03425571151489, 'ND', 1.0000000000000007, 0.0010000000000000007, 3.3725870158735898, 436, 321, 'ND']
3
[1000, 2644, 0.053031080684022, 5.288, 6.096991734572615, 0.21918455256480981, 1195.216341323492, 'ND', 'ND', 'ND', 'ND', 'ND', 0.06437408261690082, 1000, 1.9382115898721068, 2.0000000000000058, 0.993, 995.000000000001, 0.005, 0.002, 2261, 1651, 0.004922531918761693, 0.25066167743441481, 'ND', 0.005293293293293293, 3.5036459304996406, 4.4826826826827, 'ND', 'ND', 'ND', 22.28279904412128, 'ND', 0.9999999999999989, 0.000999999999999999, 3.5036459304996392, 448, 322, 'ND']
3
[1000, 2701, 0.062492118992119206, 5.402, 6.063827275502275, 0.22098684589210588, 1197.1297004624844, 'ND', 'ND', 'ND', 'ND', 'ND', 0.06518105849582173, 1000, 2.0000000000000058, 2.000000000000013, 0.993, 999.0000000000024, 0.001, 0.006, 2276, 1706, 0.005406578195086122, 0.24221024840346339, 'ND', 0.005407407407407408, 3.456448432400339, 4.4355835835835755, 'ND', 'ND', 'ND', 23.987005960511894, 'ND', 1.0, 0.001, 3.4564484324003333, 447, 330, 'ND']
3
[1000, 2706, 0.06800219780219803, 5.412, 6.121839013764011, 0.2190138133999217, 1190.381886377616, 'ND', 'ND', 'ND', 'ND', 'ND', 0.07362334431520204, 1000, 2.0000000000000044, 2.0000000000000147, 0.987, 993.0000000000024, 0.007, 0.006, 2250, 1717, 0.0060386481877247695, 0.31504214723429164, 'ND', 0.005417417417417417, 3.4100593579551517, 4.3774014014013956, 'ND', 'ND', 'ND', 21.792913135563605, 'ND', 1.0, 0.001, 3.4100593579551495, 448, 343, 'ND']
