3
[1200, 3876, 0.11841557475748665, 6.46, 7.219045305389051, 0.23356078219023274, 1397.5142937822043, 0.006666666666666667, 9, 6, 125, 7.07, 0.11628630302087788, 1200, 1.7751266222406812, 1.7759379726627753, 1.0, 1200.0, 0.0, 0.0, 2920, 2677, 0.010010907838189304, 0.38019067583876509, 10.099016024150455, 0.005387823185988324, 3.3225072089846712, 4.31696969696969, 0.0017253764829860318, 7.345576261968645, 4.173622855525219, 18.92994318839101, 125, 1.0000000000000007, 0.0008333333333333339, 3.322507208984671, 541, 346, 4.316969696969697]
3
[1200, 3742, 0.10458008889258914, 6.236666666666666, 6.874104791042291, 0.22830986355532967, 1391.8305917890063, 'ND', 'ND', 'ND', 'ND', 'ND', 0.1032336157703614, 1200, 1.7583811499462907, 1.7757046561493466, 0.9933333333333333, 1192.0000000000032, 0.006666666666666667, 0.0, 2890, 2551, 0.009505280367313237, 0.26969690586642281, 'ND', 0.005201556852933, 3.312643674960068, 4.2938281901584645, 'ND', 'ND', 'ND', 26.625917954086926, 'ND', 1.0, 0.0008333333333333334, 3.312643674960075, 544, 358, 'ND']
3
[1200, 3742, 0.11248248510748529, 6.236666666666666, 6.855118844118845, 0.22759485852642475, 1400.358715539717, 'ND', 'ND', 'ND', 'ND', 'ND', 0.10537699528485531, 1200, 1.7827073540050744, 1.901069906976414, 0.9966666666666667, 1196.0000000000005, 0.0033333333333333335, 0.0, 2873, 2547, 0.012052967939812025, 0.29120989918121598, 'ND', 0.005201556852933, 3.386724607735159, 4.374421740339171, 'ND', 'ND', 'ND', 26.2478103423964, 'ND', 0.9999999999999992, 0.0008333333333333327, 3.3867246077351574, 540, 354, 'ND']
3
[1200, 3810, 0.10856875994376004, 6.35, 6.970091186591183, 0.23051074232004537, 1393.0579897081102, 'ND', 'ND', 'ND', 'ND', 'ND', 0.106774976970103, 1200, 1.7655150028358744, 1.7886827772062384, 0.9958333333333333, 1195.0000000000007, 0.004166666666666667, 0.0, 2904, 2616, 0.009562403199391068, 0.28409941075853162, 'ND', 0.005296080066722268, 3.3089789627137804, 4.295144564915209, 'ND', 'ND', 'ND', 27.849356932629796, 'ND', 1.0000000000000002, 0.0008333333333333335, 3.30897896271378, 539, 356, 'ND']
3
[1200, 3789, 0.11915371665371682, 6.315, 6.989745356495353, 0.2292219440265427, 1400.676525256514, 'ND', 'ND', 'ND', 'ND', 'ND', 0.10764352469959947, 1200, 1.737799867285009, 1.7405210673933862, 0.9941666666666666, 1199.0000000000032, 0.0008333333333333334, 0.0, 2868, 2593, 0.011108989642819948, 0.32351367363677891, 'ND', 0.005266889074228524, 3.310747269914689, 4.293600222407561, 'ND', 'ND', 'ND', 25.05962834674352, 'ND', 0.9999999999999997, 0.0008333333333333331, 3.310747269914691, 542, 349, 'ND']
3
[1200, 3793, 0.1018365430865434, 6.321666666666666, 7.0280564597439525, 0.23151730509278945, 1399.0277898705526, 'ND', 'ND', 'ND', 'ND', 'ND', 0.1022347061010368, 1200, 1.848561653280388, 2.0000000000000124, 0.9958333333333333, 1197.0000000000036, 0.0025, 0.0016666666666666668, 2908, 2598, 0.007892200818698087, 0.31845474278825864, 'ND', 0.0052724492632749516, 3.2919837204348084, 4.278179038087305, 'ND', 'ND', 'ND', 24.73839437581066, 'ND', 1.0000000000000004, 0.0008333333333333337, 3.291983720434805, 544, 356, 'ND']
3
[1200, 3821, 0.11913020503461702, 6.368333333333333, 7.092907024552241, 0.23000757319149745, 1396.5490045483086, 'ND', 'ND', 'ND', 'ND', 'ND', 0.11765888978278359, 1200, 1.7863207376431078, 1.8375154348044067, 0.9966666666666667, 1196.000000000003, 0.0033333333333333335, 0.0, 2861, 2626, 0.010098311912809696, 0.36943168579849273, 'ND', 0.005311370586599944, 3.3377035119694916, 4.3254823463997765, 'ND', 'ND', 'ND', 10.36180109302675, 'ND', 1.0, 0.0008333333333333334, 3.337703511969489, 541, 350, 'ND']
3
[1200, 3888, 0.11672278184778202, 6.48, 7.215609254171765, 0.2327423355550117, 1395.0412778654038, 'ND', 'ND', 'ND', 'ND', 'ND', 0.11994835882790188, 1200, 1.7811740296960035, 2.000000000000016, 0.9966666666666667, 1198.0000000000011, 0.0016666666666666668, 0.0016666666666666668, 2864, 2692, 0.008822588795148174, 0.32239617509526158, 'ND', 0.005404503753127606, 3.2807125024888526, 4.268587711982201, 'ND', 'ND', 'ND', 25.101674653279613, 'ND', 0.9999999999999993, 0.0008333333333333327, 3.280712502488858, 543, 344, 'ND']
3
[1200, 3773, 0.11546370228355528, 6.288333333333333, 6.998113391034355, 0.22893827161471061, 1403.2880753510099, 'ND', 'ND', 'ND', 'ND', 'ND', 0.1154518222666001, 1200, 1.864233387027145, 1.891443543289055, 0.9966666666666667, 1199.0000000000023, 0.0008333333333333334, 0.0, 2863, 2576, 0.009840710760743145, 0.34165568270062119, 'ND', 0.005244648318042814, 3.358107270805808, 4.345856269113139, 'ND', 'ND', 'ND', 16.945121618608923, 'ND', 1.0000000000000013, 0.0008333333333333345, 3.358107270805806, 540, 355, 'ND']
3
[1200, 3833, 0.11456437775187787, 6.388333333333334, 7.027221034752289, 0.22879178123713848, 1398.9860310925267, 'ND', 'ND', 'ND', 'ND', 'ND', 0.11319138521781694, 1200, 2.000000000000001, 2.000000000000008, 0.9916666666666667, 1197.000000000003, 0.0025, 0.0033333333333333335, 2874, 2640, 0.011899433968469054, 0.34347498423995887, 'ND', 0.005328051153739227, 3.2813362832967337, 4.259270225187663, 'ND', 'ND', 'ND', 21.823483079609527, 'ND', 1.0, 0.0008333333333333334, 3.2813362832967377, 538, 346, 'ND']
3
[1200, 3894, 0.11339620591826502, 6.49, 7.225506370807835, 0.23188695171153986, 1399.9960420311647, 'ND', 'ND', 'ND', 'ND', 'ND', 0.12449674821926293, 1200, 1.9999999999999991, 2.0000000000000093, 0.9941666666666666, 1199.0000000000016, 0.0008333333333333334, 0.005, 2927, 2699, 0.009382232838087248, 0.36179391702593694, 'ND', 0.005412844036697248, 3.258250823933691, 4.241187100361421, 'ND', 'ND', 'ND', 13.789043348290647, 'ND', 1.000000000000001, 0.0008333333333333343, 3.258250823933687, 545, 349, 'ND']
3
[1200, 3840, 0.10873833694112356, 6.4, 7.182367685798611, 0.23160587743289465, 1397.1850658058925, 'ND', 'ND', 'ND', 'ND', 'ND', 0.10964358933922094, 1200, 1.8185592560070145, 2.000000000000005, 0.995, 1196.000000000001, 0.0033333333333333335, 0.0016666666666666668, 2947, 2646, 0.00926782119268668, 0.33484206064489008, 'ND', 0.0053377814845704755, 3.284779609050948, 4.26932721712538, 'ND', 'ND', 'ND', 21.706860184680522, 'ND', 1.0000000000000009, 0.000833333333333334, 3.2847796090509496, 542, 359, 'ND']
3
[1200, 3908, 0.11392874500227476, 6.513333333333334, 7.258404209216719, 0.23300769761128048, 1391.9953996487293, 'ND', 'ND', 'ND', 'ND', 'ND', 0.11604370327774582, 1200, 1.8631472673755667, 1.9150095623946148, 0.9966666666666667, 1196.0000000000023, 0.0033333333333333335, 0.0, 2941, 2713, 0.011223362881791741, 0.35447753859243814, 'ND', 0.005432304698359744, 3.2855370571748006, 4.2734028356964195, 'ND', 'ND', 'ND', 16.220506961591443, 'ND', 0.9999999999999996, 0.000833333333333333, 3.2855370571747993, 540, 345, 'ND']
3
[1200, 3834, 0.10875582981833008, 6.39, 7.093147197709703, 0.2299293030120588, 1393.2239221861569, 'ND', 'ND', 'ND', 'ND', 'ND', 0.11544937064058367, 1200, 1.8556263062851301, 1.9093870763343326, 0.995, 1194.0000000000014, 0.005, 0.0, 2894, 2641, 0.009776757304854921, 0.34424777780793636, 'ND', 0.005329441201000834, 3.314981460621745, 4.299477342229626, 'ND', 'ND', 'ND', 25.461313370798184, 'ND', 1.0, 0.0008333333333333334, 3.3149814606217456, 536, 359, 'ND']
3
[1200, 3759, 0.10793567543567562, 6.265, 6.882863068644316, 0.22728815080848208, 1397.6229574137626, 'ND', 'ND', 'ND', 'ND', 'ND', 0.1120294634062781, 1200, 1.8413712892291134, 2.0000000000000013, 0.9941666666666666, 1195.0000000000034, 0.004166666666666667, 0.0016666666666666668, 2862, 2566, 0.009602076695276749, 0.30541951683313168, 'ND', 0.005225187656380317, 3.345351788705386, 4.328140116763954, 'ND', 'ND', 'ND', 26.843876875416488, 'ND', 1.0000000000000018, 0.0008333333333333348, 3.345351788705389, 544, 352, 'ND']
3
[1200, 3813, 0.11073063510563531, 6.355, 7.036699913512413, 0.23034212673280208, 1400.057813130174, 'ND', 'ND', 'ND', 'ND', 'ND', 0.10826070946360623, 1200, 1.7874903036914709, 1.7879579277736557, 0.9958333333333333, 1198.0000000000007, 0.0016666666666666668, 0.0, 2932, 2617, 0.008377787684693595, 0.33100171254394622, 'ND', 0.0053002502085070895, 3.317164693449325, 4.303320822907988, 'ND', 'ND', 'ND', 26.201028460559336, 'ND', 1.0000000000000007, 0.0008333333333333339, 3.317164693449332, 538, 351, 'ND']
3
[1200, 4017, 0.12434703293352686, 6.695, 7.456073084623781, 0.23498634004714025, 1396.3330446042967, 'ND', 'ND', 'ND', 'ND', 'ND', 0.12917522430007566, 1200, 2.000000000000004, 2.000000000000007, 0.9966666666666667, 1200.0000000000023, 0.0, 0.0033333333333333335, 2920, 2820, 0.011194651206587119, 0.37750656525866305, 10.095167766990233, 0.005583819849874896, 3.246720625563034, 4.234653878231861, 'ND', 'ND', 'ND', 15.009337078907496, 'ND', 1.0000000000000007, 0.0008333333333333339, 3.246720625563033, 543, 335, 'ND']
3
[1200, 3735, 0.10335569536672504, 6.225, 6.870898431225639, 0.22828753141003194, 1400.6479158808534, 'ND', 'ND', 'ND', 'ND', 'ND', 0.10010792143319663, 1200, 1.999999999999997, 1.9999999999999991, 0.9933333333333333, 1196.0000000000036, 0.0033333333333333335, 0.0033333333333333335, 2902, 2542, 0.00879964083300515, 0.32357818229303503, 'ND', 0.005191826522101752, 3.3141070535964148, 4.295291909924941, 'ND', 'ND', 'ND', 21.99981148897891, 'ND', 1.0000000000000004, 0.0008333333333333337, 3.3141070535964174, 539, 355, 'ND']
3
[1200, 3884, 0.11668551818551824, 6.473333333333334, 7.086359096921589, 0.2303878773751967, 1393.913924343504, 'ND', 'ND', 'ND', 'ND', 'ND', 0.11813396552416924, 1200, 1.7965219519104163, 2.00000000000001, 0.9933333333333333, 1196.999999999999, 0.0025, 0.0016666666666666668, 2926, 2690, 0.010281836668745086, 0.31344192218629247, 'ND', 0.005398943564081179, 3.2720171651111536, 4.253274951348328, 'ND', 'ND', 'ND', 26.56719297472286, 'ND', 1.0000000000000004, 0.0008333333333333337, 3.2720171651111585, 535, 347, 'ND']
3
[1200, 3902, 0.12140943751237887, 6.503333333333333, 7.23199046092795, 0.2325946154819962, 1396.5010882964418, 'ND', 'ND', 'ND', 'ND', 'ND', 0.12437868454513928, 1200, 1.8236402871603417, 1.8780318667835514, 0.9983333333333333, 1198.0000000000018, 0.0016666666666666668, 0.0, 2901, 2705, 0.010228040423819708, 0.34884145000836131, 'ND', 0.005423964414790103, 3.3153351220619234, 4.306477620239095, 'ND', 'ND', 'ND', 26.258786123300382, 'ND', 0.9999999999999994, 0.0008333333333333328, 3.3153351220619345, 539, 338, 'ND']
