3
[1100, 3315, 0.19502006579279296, 6.027272727272727, 6.756812768040039, 0.21214755979569105, 1304.210043656661, 'ND', 'ND', 'ND', 'ND', 'ND', 0.20262211283604695, 1100, 1.9999999999999944, 1.999999999999995, 0.9918181818181818, 1099.0000000000011, 0.0009090909090909091, 0.0036363636363636364, 2183, 2220, 0.03261339944049959, 0.46061215593765659, 'ND', 0.005484324592604848, 3.641560219507386, 4.618648358011416, 'ND', 'ND', 'ND', 16.881702275268072, 'ND', 1.0, 0.0009090909090909091, 3.6415602195073853, 489, 328, 'ND']
3
[1100, 3254, 0.2023420266602084, 5.916363636363636, 6.604894436371712, 0.20895671394993554, 1299.6638901465476, 'ND', 'ND', 'ND', 'ND', 'ND', 0.20747778118296045, 1100, 2.0000000000000124, 2.000000000000015, 0.99, 1097.000000000003, 0.0027272727272727275, 0.0036363636363636364, 2084, 2161, 0.031616981945643316, 0.34639806356113112, 'ND', 0.0053834064025146825, 3.6712974702950736, 4.644726610968645, 'ND', 'ND', 'ND', 18.102613234066048, 'ND', 0.9999999999999983, 0.0009090909090909076, 3.6712974702950727, 488, 332, 'ND']
3
[1100, 3256, 0.19543199981836348, 5.92, 6.540666902541904, 0.21095959227309125, 1292.2434289677915, 'ND', 'ND', 'ND', 'ND', 'ND', 0.18963650425367362, 1100, 1.782885213861249, 1.9999999999999971, 0.9927272727272727, 1094.0000000000025, 0.005454545454545455, 0.0018181818181818182, 2160, 2164, 0.031258546677239624, 0.36749441542130368, 'ND', 0.005386715195632393, 3.6697759678860216, 4.648606170899179, 'ND', 'ND', 'ND', 15.260529595916573, 'ND', 1.0000000000000007, 0.0009090909090909097, 3.6697759678860233, 494, 326, 'ND']
3
[1100, 3179, 0.19158728140546305, 5.78, 6.396943828898381, 0.20800676019019154, 1299.7994458591802, 'ND', 'ND', 'ND', 'ND', 'ND', 0.18695976950165405, 1100, 1.8442698656462153, 1.9168373042129454, 0.9945454545454545, 1094.0000000000016, 0.005454545454545455, 0.0, 2132, 2086, 0.027590089582668217, 0.40858125598177197, 'ND', 0.0052593266606005456, 3.7861046057767394, 4.768336504260061, 'ND', 'ND', 'ND', 22.146468489136485, 'ND', 1.0000000000000007, 0.0009090909090909097, 3.7861046057767354, 492, 341, 'ND']
3
[1100, 3165, 0.1857956740229468, 5.754545454545455, 6.294276894822346, 0.20601923171645875, 1295.9857559562115, 'ND', 'ND', 'ND', 'ND', 'ND', 0.18290236290682121, 1100, 1.8195130035389477, 1.8342044678326344, 0.9881818181818182, 1093.000000000003, 0.006363636363636364, 0.0, 2135, 2075, 0.028105251607240533, 0.35781102399791043, 'ND', 0.005236165108776574, 3.7041423648920775, 4.67391016626686, 'ND', 'ND', 'ND', 22.86738475068066, 'ND', 0.9999999999999999, 0.000909090909090909, 3.704142364892079, 498, 334, 'ND']
3
[1100, 3274, 0.1975341451477814, 5.952727272727273, 6.546836691086693, 0.20912889226592915, 1299.9624363492999, 'ND', 'ND', 'ND', 'ND', 'ND', 0.2024184534092064, 1100, 1.9999999999999978, 2.000000000000015, 0.9936363636363637, 1097.0000000000018, 0.0027272727272727275, 0.0036363636363636364, 2145, 2180, 0.02625853722181205, 0.41418698994254322, 'ND', 0.005416494333691786, 3.7338928749600173, 4.714414757217303, 'ND', 'ND', 'ND', 15.901606179064377, 'ND', 0.9999999999999996, 0.0009090909090909087, 3.733892874960017, 494, 320, 'ND']
3
[1100, 3183, 0.18902836052836058, 5.787272727272727, 6.448629602720512, 0.20888270326396882, 1302.6103212887556, 'ND', 'ND', 'ND', 'ND', 'ND', 0.1939351950543594, 1100, 1.856291977608511, 2.000000000000009, 0.9936363636363637, 1096.0000000000023, 0.0036363636363636364, 0.0009090909090909091, 2105, 2089, 0.026542432679245158, 0.37652288732436434, 'ND', 0.005265944246835966, 3.7368612963266794, 4.717379435850767, 'ND', 'ND', 'ND', 13.349153888203572, 'ND', 0.9999999999999994, 0.0009090909090909085, 3.736861296326677, 490, 328, 'ND']
3
[1100, 3172, 0.18611304856759414, 5.7672727272727276, 6.382757575757579, 0.20789649518062625, 1298.1282738181383, 'ND', 'ND', 'ND', 'ND', 'ND', 0.18739671697697477, 1100, 1.999999999999992, 2.0000000000000027, 0.990909090909091, 1094.0000000000018, 0.005454545454545455, 0.0036363636363636364, 2111, 2081, 0.023414095565365386, 0.32767391009139107, 'ND', 0.00524774588468856, 3.700915387560472, 4.676082388948622, 'ND', 'ND', 'ND', 22.730664339618453, 'ND', 0.9999999999999997, 0.0009090909090909088, 3.700915387560468, 489, 335, 'ND']
3
[1100, 3183, 0.18979936729936736, 5.787272727272727, 6.342508912804371, 0.20744091670422302, 1301.479097805759, 'ND', 'ND', 'ND', 'ND', 'ND', 0.19573813708260104, 1100, 1.999999999999994, 2.0000000000000124, 0.9927272727272727, 1096.000000000001, 0.0036363636363636364, 0.0036363636363636364, 2105, 2090, 0.027949690705217474, 0.36917514047699551, 'ND', 0.005265944246835966, 3.748390240506768, 4.727079162875337, 'ND', 'ND', 'ND', 19.890782891449707, 'ND', 1.0000000000000002, 0.0009090909090909093, 3.748390240506773, 500, 327, 'ND']
3
[1100, 3199, 0.19465967870513304, 5.816363636363636, 6.414952953612051, 0.20967275896395585, 1299.9721949913596, 'ND', 'ND', 'ND', 'ND', 'ND', 0.1937409259557993, 1100, 1.8588661919583271, 2.0000000000000187, 0.9954545454545455, 1097.0000000000014, 0.0027272727272727275, 0.0018181818181818182, 2119, 2104, 0.025495083231148297, 0.39319913793209732, 'ND', 0.005292414591777649, 3.7424368236731205, 4.726559682355854, 'ND', 'ND', 'ND', 17.37523352652737, 'ND', 0.9999999999999996, 0.0009090909090909087, 3.7424368236731174, 495, 313, 'ND']
