3
[1500, 6171, 0.07120410341865487, 8.228, 9.019076488369443, 0.25996548367788386, 1693.299326792329, 'ND', 'ND', 'ND', 'ND', 'ND', 0.06815547484738428, 1500, 1.7107724564413247, 1.7443596631146778, 0.998, 1500.0000000000014, 0.0, 0.0, 4951, 4673, 0.003727971474148997, 0.30300027967768167, 10.446278380280116, 0.005488992661774516, 2.843952042794888, 3.8361654436290933, 'ND', 'ND', 'ND', 31.500700645562258, 'ND', 0.9999999999999998, 0.0006666666666666665, 2.8439520427948835, 687, 390, 'ND']
3
[1500, 6136, 0.06833608657138093, 8.181333333333333, 8.98310083222878, 0.2599666526591303, 1692.7859141128822, 0.0033333333333333335, 9, 5, 1, 6.822, 0.06842022551369191, 1500, 1.7265815088106948, 1.8168026650771045, 1.0, 1500.0000000000043, 0.0, 0.0, 4936, 4637, 0.003753085164241342, 0.27659183129413589, 10.448677318096273, 0.0054578607960862795, 2.8706347177602187, 3.8668072048032016, 0.001965970386066692, 6.492973800492588, 3.747154456988619, 31.156574919499466, 1, 0.9999999999999986, 0.0006666666666666657, 2.870634717760221, 685, 377, 3.866807204803202]
3
[1500, 5992, 0.06535356058343708, 7.989333333333334, 8.779141000393937, 0.2576041044971329, 1693.2134049206925, 'ND', 'ND', 'ND', 'ND', 'ND', 0.0665080699739546, 1500, 1.6869619223205614, 1.7497957798483248, 0.998, 1497.0000000000025, 0.002, 0.0, 4836, 4496, 0.0035854612812593304, 0.29793187591997311, 'ND', 0.005329775405826106, 2.8774064774825403, 3.869572603958188, 'ND', 'ND', 'ND', 30.529777275820006, 'ND', 1.0000000000000004, 0.000666666666666667, 2.8774064774825394, 680, 386, 'ND']
3
[1500, 5875, 0.0636934319493147, 7.833333333333333, 8.533812427387424, 0.25601175320671427, 1699.2157130784547, 0.03133333333333333, 7, 5, 222, 5.883333333333334, 0.06504277411349833, 1500, 1.6879979092064976, 1.7014452947159926, 1.0, 1499.9999999999995, 0.0, 0.0, 4768, 4376, 0.0034142460191568863, 0.29375625841794806, 10.459257914733971, 0.005225706026239715, 2.9268689139444097, 3.922966422059151, 0.0019444084983338795, 6.603298988940705, 3.8023170512126776, 31.081879006154992, 222, 1.0000000000000002, 0.0006666666666666669, 2.926868913944403, 691, 383, 3.9229664220591505]
3
[1500, 6020, 0.06578052102023739, 8.026666666666667, 8.82699299448402, 0.2576324137531479, 1697.106070772831, 'ND', 'ND', 'ND', 'ND', 'ND', 0.06332630383648309, 1500, 1.8342086014478405, 2.0000000000000084, 0.998, 1499.0000000000011, 0.0006666666666666666, 0.0013333333333333333, 4908, 4523, 0.00437962627392582, 0.31174028617418992, 'ND', 0.005354680898376696, 2.8796518551308354, 3.8718158772515086, 'ND', 'ND', 'ND', 27.375727263488972, 'ND', 1.0000000000000004, 0.000666666666666667, 2.879651855130833, 691, 396, 'ND']
3
[1500, 5920, 0.06574191927210545, 7.8933333333333335, 8.652282687087027, 0.25668311071131383, 1697.4757203718611, 'ND', 'ND', 'ND', 'ND', 'ND', 0.0640927624872579, 1500, 1.6943759609867852, 1.7487308144286904, 0.9993333333333333, 1499.0000000000011, 0.0006666666666666666, 0.0, 4790, 4422, 0.0034448494228163694, 0.27710030321150658, 'ND', 0.00526573271069602, 2.9087918870702323, 3.9035801645541395, 'ND', 'ND', 'ND', 30.497530177458874, 'ND', 1.0000000000000004, 0.000666666666666667, 2.908791887070242, 684, 393, 'ND']
3
[1500, 6076, 0.06848988858292299, 8.101333333333333, 8.916678033069445, 0.2580751989729261, 1694.4986092658096, 'ND', 'ND', 'ND', 'ND', 'ND', 0.0713462608281014, 1500, 1.75689057264992, 1.9064779931545053, 0.9993333333333333, 1499.0000000000016, 0.0006666666666666666, 0.0, 4896, 4578, 0.0040109347956241315, 0.3062558560739348, 'ND', 0.005404491883477874, 2.8915093373330345, 3.886320658216584, 'ND', 'ND', 'ND', 29.953472490625906, 'ND', 1.0000000000000007, 0.0006666666666666671, 2.8915093373330336, 684, 390, 'ND']
3
[1500, 6039, 0.066836571151587, 8.052, 8.87354285566514, 0.25806649072864635, 1693.8865630310931, 'ND', 'ND', 'ND', 'ND', 'ND', 0.07030493707647628, 1500, 1.676481028313759, 1.7359653337052408, 0.9993333333333333, 1499.000000000003, 0.0006666666666666666, 0.0, 4858, 4541, 0.003653095719913577, 0.28874182987345365, 'ND', 0.005371581054036024, 2.8895088937796487, 3.8843228819212774, 'ND', 'ND', 'ND', 31.093387980345742, 'ND', 0.999999999999999, 0.000666666666666666, 2.889508893779656, 684, 388, 'ND']
3
[1500, 6086, 0.06802185701009272, 8.114666666666666, 8.873005252318478, 0.2583837577014997, 1693.2810154974256, 'ND', 'ND', 'ND', 'ND', 'ND', 0.06940258288588595, 1500, 1.7752498018278045, 1.7989741797927075, 0.9986666666666667, 1498.0000000000036, 0.0013333333333333333, 0.0, 4879, 4589, 0.0036552357127178307, 0.29643081865487397, 'ND', 0.005413386702245942, 2.877589064716931, 3.871086502112511, 'ND', 'ND', 'ND', 32.55737446983766, 'ND', 1.0000000000000004, 0.000666666666666667, 2.87758906471693, 695, 396, 'ND']
3
[1500, 6233, 0.07497603409662267, 8.310666666666666, 9.142593287812392, 0.26055004110121943, 1690.2103008642803, 'ND', 'ND', 'ND', 'ND', 'ND', 0.07631151565509688, 1500, 1.7222766201751278, 1.9999999999999987, 0.998, 1499.0000000000018, 0.0006666666666666666, 0.0013333333333333333, 4936, 4736, 0.004071503554348342, 0.28320919041008846, 'ND', 0.005544140538136536, 2.834184071089668, 3.826408716922385, 'ND', 'ND', 'ND', 31.984213041244047, 'ND', 1.0000000000000009, 0.0006666666666666673, 2.8341840710896706, 690, 394, 'ND']
3
[1500, 6137, 0.0680085529881199, 8.182666666666666, 9.016329977481531, 0.25940436954116236, 1689.4303375741094, 'ND', 'ND', 'ND', 'ND', 'ND', 0.07306087431267792, 1500, 1.7166196123433877, 1.7273305907885217, 0.9986666666666667, 1498.0000000000016, 0.0013333333333333333, 0.0, 4937, 4640, 0.004230403051316029, 0.29377354654329002, 'ND', 0.005458750277963087, 2.860470398155954, 3.853990660440292, 'ND', 'ND', 'ND', 30.240457368411455, 'ND', 0.9999999999999999, 0.0006666666666666666, 2.86047039815596, 686, 387, 'ND']
3
[1500, 5929, 0.06355189984307674, 7.905333333333333, 8.622813056551303, 0.25553760863806524, 1697.0346757781533, 'ND', 'ND', 'ND', 'ND', 'ND', 0.06539248274098695, 1500, 1.8167824356041908, 2.0000000000000133, 0.9973333333333333, 1498.0000000000025, 0.0013333333333333333, 0.0013333333333333333, 4805, 4433, 0.0036175993802475552, 0.26809222377565251, 'ND', 0.0052737380475872805, 2.8984868416950835, 3.8892950856126336, 'ND', 'ND', 'ND', 32.22135062624741, 'ND', 1.0000000000000002, 0.0006666666666666669, 2.898486841695077, 683, 396, 'ND']
3
[1500, 5952, 0.06435046065046096, 7.936, 8.66849467199467, 0.25615475933834436, 1694.3110029952645, 'ND', 'ND', 'ND', 'ND', 'ND', 0.06520909322249555, 1500, 1.6909841546930773, 1.7296572030798139, 0.9986666666666667, 1498.0000000000034, 0.0013333333333333333, 0.0, 4857, 4455, 0.00394755856640543, 0.25771273941588052, 'ND', 0.005294196130753836, 2.907362362625372, 3.9008201022904125, 'ND', 'ND', 'ND', 32.398251473561224, 'ND', 1.0000000000000002, 0.0006666666666666669, 2.9073623626253715, 690, 391, 'ND']
3
[1500, 6074, 0.06414957988920868, 8.098666666666666, 8.885327044564196, 0.25918154788567166, 1694.7927835214273, 0.0013333333333333333, 9, 5, 10, 6.572, 0.06865414647819645, 1500, 1.6885212611889464, 1.8341717470835162, 1.0, 1500.0000000000011, 0.0, 0.0, 4878, 4575, 0.003395979168719327, 0.28682595464446603, 10.448650151739999, 0.005402712919724261, 2.881964923656269, 3.878122303758063, 0.001959432018687691, 6.519611326028593, 3.760473219756627, 32.07902998992848, 10, 1.0, 0.0006666666666666666, 2.8819649236562657, 692, 397, 3.8781223037580608]
3
[1500, 5997, 0.0682576488870609, 7.996, 8.713563183494056, 0.25728263603218926, 1694.8852058051878, 'ND', 'ND', 'ND', 'ND', 'ND', 0.0681421083284799, 1500, 1.686784977040277, 1.7014823579831353, 0.9993333333333333, 1499.0000000000014, 0.0006666666666666666, 0.0, 4846, 4499, 0.004431132638894584, 0.28502841518114003, 'ND', 0.00533422281521014, 2.8997800937162377, 3.894580386924624, 'ND', 'ND', 'ND', 32.76306774827712, 'ND', 0.9999999999999997, 0.0006666666666666664, 2.8997800937162337, 686, 391, 'ND']
3
[1500, 5976, 0.06923213181154395, 7.968, 8.732105648871848, 0.2569408280781104, 1696.2967441821486, 'ND', 'ND', 'ND', 'ND', 'ND', 0.06671937087814925, 1500, 1.714317547253975, 1.7518714048614812, 0.9993333333333333, 1499.0000000000018, 0.0006666666666666666, 0.0, 4828, 4478, 0.0038511070533610308, 0.26940002799794988, 'ND', 0.005315543695797198, 2.9068876358159548, 3.901678452301529, 'ND', 'ND', 'ND', 32.69216334027966, 'ND', 1.0000000000000007, 0.0006666666666666671, 2.9068876358159557, 684, 392, 'ND']
3
[1500, 6195, 0.07408648223694696, 8.26, 9.048501391407596, 0.2607058996950858, 1687.5201361478191, 'ND', 'ND', 'ND', 'ND', 'ND', 0.07233788494501474, 1500, 1.6871187025464438, 1.69264760587854, 0.9986666666666667, 1498.0000000000018, 0.0013333333333333333, 0.0, 4920, 4698, 0.0040875810623829945, 0.2818465224301222, 'ND', 0.005510340226817879, 2.839820227281028, 3.8333680231265315, 'ND', 'ND', 'ND', 31.805974007130008, 'ND', 0.9999999999999991, 0.0006666666666666661, 2.8398202272810256, 694, 374, 'ND']
3
[1500, 5885, 0.06735912403157007, 7.846666666666667, 8.613488940800622, 0.25573088361733876, 1696.5461269601808, 'ND', 'ND', 'ND', 'ND', 'ND', 0.06552909881269059, 1500, 1.6894702191103281, 1.8126962262688016, 0.9993333333333333, 1499.000000000004, 0.0006666666666666666, 0.0, 4770, 4387, 0.0037023885357396025, 0.24623208220297121, 'ND', 0.005234600845007783, 2.923593031758596, 3.9183615743829145, 'ND', 'ND', 'ND', 32.58929420460419, 'ND', 0.9999999999999998, 0.0006666666666666665, 2.9235930317585987, 689, 390, 'ND']
3
[1500, 5998, 0.06648608264227503, 7.997333333333334, 8.772361648579604, 0.2570624358180672, 1696.971181444436, 'ND', 'ND', 'ND', 'ND', 'ND', 0.06598848606153147, 1500, 1.7655001715912484, 2.000000000000013, 0.998, 1499.0000000000023, 0.0006666666666666666, 0.0013333333333333333, 4842, 4501, 0.004454726564107871, 0.27422910402029554, 'ND', 0.0053351122970869466, 2.8867086290726998, 3.8788632421614313, 'ND', 'ND', 'ND', 31.773213635421627, 'ND', 1.0000000000000004, 0.000666666666666667, 2.8867086290726975, 693, 392, 'ND']
3
[1500, 6181, 0.0692696748441333, 8.241333333333333, 9.065964070630095, 0.26105771559957464, 1689.5207525802105, 'ND', 'ND', 'ND', 'ND', 'ND', 0.07065688370212028, 1500, 1.7043567078892476, 1.7174475269446299, 0.9993333333333333, 1499.000000000001, 0.0006666666666666666, 0.0, 4944, 4683, 0.0036801874497928034, 0.28857274153154172, 'ND', 0.005497887480542584, 2.843489785357574, 3.8383651323104258, 'ND', 'ND', 'ND', 30.451547488506375, 'ND', 1.0000000000000002, 0.0006666666666666669, 2.843489785357573, 680, 381, 'ND']
