3
[1000, 2597, 0.19968010323010307, 5.194, 5.718536652236644, 0.1972530213670049, 1195.9195632237788, 'ND', 'ND', 'ND', 'ND', 'ND', 0.19215019701769295, 1000, 1.9037226691999918, 2.000000000000009, 0.992, 994.000000000002, 0.006, 0.002, 1738, 1605, 0.033573032960133906, 0.31000745618014586, 'ND', 0.0051991991991991995, 3.9819759639398873, 4.958070070070066, 'ND', 'ND', 'ND', 18.894267642787277, 'ND', 1.0, 0.001, 3.9819759639398904, 453, 318, 'ND']
3
[1000, 2656, 0.19012178932178928, 5.312, 5.885784607059608, 0.19950441400674998, 1201.1495210043374, 'ND', 'ND', 'ND', 'ND', 'ND', 0.19737402413058908, 1000, 1.895926922459554, 1.9069869833585233, 0.994, 997.0000000000022, 0.003, 0.0, 1786, 1661, 0.030834423277254257, 0.40191281378037969, 'ND', 0.005317317317317318, 3.9700762887135648, 4.950172172172175, 'ND', 'ND', 'ND', 9.51867181086544, 'ND', 0.9999999999999994, 0.0009999999999999994, 3.9700762887135608, 444, 318, 'ND']
3
[1000, 2646, 0.18640839715839705, 5.292, 5.83591333666334, 0.19748348102350288, 1196.5681133919425, 'ND', 'ND', 'ND', 'ND', 'ND', 0.1860164005179111, 1000, 2.000000000000002, 2.0000000000000098, 0.988, 992.0000000000016, 0.008, 0.004, 1803, 1657, 0.03128667452112426, 0.3803051239389772, 'ND', 0.005297297297297297, 3.9154826168854213, 4.883787787787785, 'ND', 'ND', 'ND', 'ND', 'ND', 0.9999999999999989, 0.000999999999999999, 3.9154826168854306, 442, 315, 'ND']
3
[1000, 2668, 0.19265326340326333, 5.336, 5.9295253413253395, 0.20079613387278084, 1198.9383756999823, 'ND', 'ND', 'ND', 'ND', 'ND', 0.1993278722957362, 1000, 1.8950688471050723, 2.0000000000000044, 0.993, 995.0000000000022, 0.005, 0.002, 1773, 1675, 0.030902855591888354, 0.37671866270833171, 'ND', 0.005341341341341341, 3.920878794626289, 4.899081081081079, 'ND', 'ND', 'ND', 20.948987988030645, 'ND', 1.000000000000001, 0.001000000000000001, 3.920878794626294, 442, 312, 'ND']
3
[1000, 2575, 0.17603387168387194, 5.15, 5.732178557553559, 0.19553238358824568, 1206.5190730497695, 'ND', 'ND', 'ND', 'ND', 'ND', 0.18792504155961917, 1000, 2.0000000000000018, 2.0000000000000178, 0.987, 995.0000000000015, 0.005, 0.008, 1763, 1585, 0.023381593950565386, 0.37436049951781081, 'ND', 0.005155155155155155, 3.9440562807296264, 4.910332332332326, 'ND', 'ND', 'ND', 19.24320645256428, 'ND', 1.0000000000000002, 0.0010000000000000002, 3.9440562807296287, 440, 311, 'ND']
3
[1000, 2706, 0.18311703296703316, 5.412, 6.010292396492399, 0.19995146316037912, 1195.8998896706653, 'ND', 'ND', 'ND', 'ND', 'ND', 0.18484477124183007, 1000, 1.9999999999999953, 2.000000000000007, 0.984, 996.0000000000022, 0.004, 0.004, 1873, 1715, 0.03111915465589727, 0.39671723950749876, 'ND', 0.005417417417417417, 3.7809051536506444, 4.741613613613616, 'ND', 'ND', 'ND', 11.827916433447442, 'ND', 0.9999999999999987, 0.0009999999999999987, 3.780905153650643, 447, 318, 'ND']
3
[1000, 2735, 0.18656532356532368, 5.47, 6.125885622710619, 0.2035729678789833, 1203.2891559987272, 'ND', 'ND', 'ND', 'ND', 'ND', 0.20649577064634855, 1000, 1.9999999999999967, 2.0000000000000187, 0.995, 999.000000000002, 0.001, 0.004, 1841, 1739, 0.030572167957947496, 0.44580116137401277, 'ND', 0.0054754754754754754, 3.8923372270065633, 4.874576576576573, 'ND', 'ND', 'ND', 'ND', 'ND', 0.9999999999999983, 0.0009999999999999983, 3.8923372270065593, 452, 310, 'ND']
3
[1000, 2634, 0.1771405150405153, 5.268, 5.8649813880563855, 0.1961278673676286, 1197.8326897701515, 'ND', 'ND', 'ND', 'ND', 'ND', 0.18478495785606225, 1000, 1.9999999999999978, 2.0000000000000133, 0.984, 993.0000000000017, 0.007, 0.006, 1804, 1646, 0.02387803768028522, 0.35761620226092544, 'ND', 0.005273273273273273, 3.873617104078026, 4.834122122122119, 'ND', 'ND', 'ND', 'ND', 'ND', 1.0000000000000004, 0.0010000000000000005, 3.873617104078026, 434, 325, 'ND']
3
[1000, 2680, 0.18320961260961247, 5.36, 5.952044733044734, 0.20235423826623566, 1196.0692417937632, 'ND', 'ND', 'ND', 'ND', 'ND', 0.17921969538910912, 1000, 1.881717070229759, 2.0000000000000053, 0.992, 994.0000000000013, 0.006, 0.002, 1844, 1688, 0.028475459934043712, 0.36750523540576241, 'ND', 0.005365365365365365, 3.8681386797619206, 4.844460460460454, 'ND', 'ND', 'ND', 18.536310070423013, 'ND', 1.0000000000000007, 0.0010000000000000007, 3.868138679761918, 448, 318, 'ND']
3
[1000, 2620, 0.1822652958152956, 5.24, 5.843078246753246, 0.19547902976669498, 1206.732209473632, 'ND', 'ND', 'ND', 'ND', 'ND', 0.19273621762407755, 1000, 1.9999999999999938, 1.9999999999999991, 0.985, 997.000000000002, 0.003, 0.004, 1783, 1628, 0.026521498881523414, 0.39642100851601397, 'ND', 0.005245245245245245, 3.911021241682565, 4.873439439439437, 'ND', 'ND', 'ND', 'ND', 'ND', 1.0, 0.001, 3.911021241682564, 443, 308, 'ND']
3
[1000, 2620, 0.16761847041847033, 5.24, 5.779164430014427, 0.19624266011747582, 1195.2268418986866, 'ND', 'ND', 'ND', 'ND', 'ND', 0.18573529411764705, 1000, 2.0000000000000018, 2.000000000000005, 0.982, 990.0000000000025, 0.01, 0.008, 1837, 1635, 0.023575750514466188, 0.37328321481319648, 'ND', 0.005245245245245245, 3.8277415692245325, 4.784400400400408, 'ND', 'ND', 'ND', 6.972176109175614, 'ND', 1.0000000000000009, 0.0010000000000000009, 3.827741569224535, 444, 313, 'ND']
3
[1000, 2678, 0.19262704240204226, 5.356, 6.005482579920081, 0.19944850700080866, 1202.4365951026766, 'ND', 'ND', 'ND', 'ND', 'ND', 0.1938173683140126, 1000, 2.000000000000004, 2.000000000000014, 0.984, 997.0000000000015, 0.003, 0.006, 1819, 1687, 0.03120905389487788, 0.4373952757391803, 'ND', 0.005361361361361361, 3.7979582789202, 4.758626626626623, 'ND', 'ND', 'ND', 9.579523667633476, 'ND', 0.9999999999999991, 0.0009999999999999992, 3.7979582789202007, 427, 313, 'ND']
3
[1000, 2631, 0.1928115440115437, 5.262, 5.8192255772005765, 0.1972053871421172, 1194.4531173308055, 'ND', 'ND', 'ND', 'ND', 'ND', 0.2160701241782323, 1000, 1.8482485808540772, 1.8668654892009424, 0.993, 993.0000000000027, 0.007, 0.0, 1762, 1639, 0.03115742547774668, 0.39611490166998642, 'ND', 0.005267267267267267, 3.99706118944596, 4.975109109109096, 'ND', 'ND', 'ND', 8.222055250687188, 'ND', 1.0000000000000004, 0.0010000000000000005, 3.99706118944596, 440, 315, 'ND']
3
[1000, 2636, 0.19401531801531768, 5.272, 5.862068589743583, 0.20057789503916248, 1200.5481935927726, 'ND', 'ND', 'ND', 'ND', 'ND', 0.19041422684883974, 1000, 1.8553579152631179, 2.0000000000000036, 0.995, 997.0000000000016, 0.003, 0.002, 1779, 1641, 0.032285976611188136, 0.38796134268084198, 'ND', 0.005277277277277277, 3.956692163104985, 4.93880080080079, 'ND', 'ND', 'ND', 14.282850337521243, 'ND', 0.9999999999999991, 0.0009999999999999992, 3.9566921631049925, 436, 315, 'ND']
3
[1000, 2560, 0.17476041181041208, 5.12, 5.758134804084803, 0.19564397489170957, 1209.265246101198, 'ND', 'ND', 'ND', 'ND', 'ND', 0.17652343165144482, 1000, 2.000000000000001, 2.0000000000000036, 0.982, 994.000000000002, 0.006, 0.008, 1761, 1572, 0.02410801087347806, 0.37672064523187371, 'ND', 0.005125125125125125, 3.855803699491074, 4.812418418418409, 'ND', 'ND', 'ND', 16.03319009373462, 'ND', 1.0000000000000002, 0.0010000000000000002, 3.8558036994910743, 442, 326, 'ND']
3
[1000, 2723, 0.18838109668109643, 5.446, 6.03051821789322, 0.20032778392948908, 1194.2382713732898, 'ND', 'ND', 'ND', 'ND', 'ND', 0.19696060787842432, 1000, 2.0000000000000084, 2.0000000000000124, 0.987, 994.0000000000015, 0.006, 0.005, 1825, 1733, 0.028157075214869102, 0.4277009125692342, 'ND', 0.005451451451451451, 3.823246091783167, 4.789765765765762, 'ND', 'ND', 'ND', 'ND', 'ND', 0.9999999999999994, 0.0009999999999999994, 3.8232460917831648, 441, 309, 'ND']
3
[1000, 2779, 0.19181552891552914, 5.558, 6.148801892551894, 0.20261514868566524, 1190.4221809079208, 'ND', 'ND', 'ND', 'ND', 'ND', 0.20581484315225707, 1000, 1.999999999999982, 2.000000000000001, 0.989, 993.0000000000007, 0.007, 0.004, 1855, 1789, 0.02630601132741689, 0.41490076747858196, 'ND', 0.0055635635635635635, 3.8061869484715145, 4.776688688688689, 'ND', 'ND', 'ND', 14.949450554644997, 'ND', 0.9999999999999998, 0.0009999999999999998, 3.8061869484715167, 446, 300, 'ND']
3
[1000, 2614, 0.19959709734709719, 5.228, 5.819401134976134, 0.19699416175914086, 1203.3023440297222, 'ND', 'ND', 'ND', 'ND', 'ND', 0.2030796048808832, 1000, 1.8554001522493804, 1.936943023431519, 0.997, 997.0000000000007, 0.003, 0.0, 1755, 1618, 0.03574274360372809, 0.45996338710157619, 'ND', 0.005233233233233233, 4.096764098768104, 5.082576576576573, 'ND', 'ND', 'ND', 10.044100445944183, 'ND', 0.999999999999999, 0.000999999999999999, 4.096764098768104, 443, 315, 'ND']
3
[1000, 2620, 0.16889431679431657, 5.24, 5.871652011877012, 0.2008050951225421, 1202.3178494356155, 'ND', 'ND', 'ND', 'ND', 'ND', 0.18170019467878, 1000, 1.8799435105305486, 1.8922081240507018, 0.997, 997.0000000000026, 0.003, 0.0, 1831, 1624, 0.021357297250664063, 0.41056186990284288, 'ND', 0.005245245245245245, 3.993759290352476, 4.979777777777785, 'ND', 'ND', 'ND', 8.235053157622225, 'ND', 1.0000000000000002, 0.0010000000000000002, 3.9937592903524735, 440, 314, 'ND']
3
[1000, 2652, 0.18545394605394622, 5.304, 5.889046639471639, 0.19905472879884104, 1193.0799770225417, 'ND', 'ND', 'ND', 'ND', 'ND', 0.19285714285714287, 1000, 1.9999999999999778, 2.000000000000002, 0.986, 992.0000000000007, 0.008, 0.002, 1807, 1663, 0.02723520782755586, 0.37318984566728947, 'ND', 0.005309309309309309, 3.833767635370843, 4.798296296296292, 'ND', 'ND', 'ND', 17.656115248076546, 'ND', 0.9999999999999999, 0.0009999999999999998, 3.8337676353708448, 445, 311, 'ND']
