1
[1000, 8919, 0.05360975660815379, 17.838, 32.621493264856696, 0.38424998682704997, 1054.3219047024158, 0.55, 4, 3, 450, 3.55, 0.04724693698949825, 1000, 1.447033214194045, 1.4517678335828963, 1.0, 1000.0000000000016, 0.0, 0.0, 7204, 7920, 0.0019713218584221427, -0.041313499490955585, 9.6177666847073198, 0.017855855855855855, 1.6184741856084575, 2.61523723723723, 0.006545524972676192, 4.14073143804524, 2.5713677230306384, 23.713912357528034, 450, 1.0000000000000013, 0.0010000000000000013, 1.6184741856084581, 453, 217, 2.6152372372372374]
1
[1000, 8919, 0.056748582396641795, 17.838, 32.89223770121026, 0.38451861868804915, 1054.4124224941565, 0.505, 4, 3, 495, 3.505, 0.0494965714781703, 1000, 1.4456366022832987, 1.4471140458006373, 1.0, 1000.0000000000015, 0.0, 0.0, 7171, 7920, 0.0019956965365470233, -0.042102642003173527, 9.6160328556127581, 0.017855855855855855, 1.6166788030515482, 2.6134454454454374, 0.006553561407419451, 4.1430438937066585, 2.5725239508613313, 23.579091280768086, 495, 1.0000000000000024, 0.0010000000000000024, 1.6166788030515489, 449, 235, 2.6134454454454454]
1
[1000, 8919, 0.05575603793611286, 17.838, 33.09943286631804, 0.3845740731294194, 1054.5212077130311, 0.55, 4, 3, 450, 3.55, 0.04997722112014693, 1000, 1.442356024626996, 1.4467731694416166, 1.0, 1000.0000000000016, 0.0, 0.0, 7234, 7920, 0.002047321487301611, -0.032955668154442959, 9.6145258610099589, 0.017855855855855855, 1.6164541294801829, 2.613221221221225, 0.006552726904010202, 4.141246945144191, 2.5716254765801185, 23.24859369275069, 450, 0.9999999999999996, 0.0009999999999999996, 1.6164541294801782, 450, 233, 2.613221221221221]
1
[1000, 8919, 0.053626715946191075, 17.838, 32.68792873465193, 0.38436044222078125, 1054.3737501483984, 0.522, 4, 3, 478, 3.522, 0.04879911829857815, 1000, 1.446487556269465, 1.4491584288312107, 1.0, 1000.0000000000016, 0.0, 0.0, 7197, 7920, 0.0019983601126376677, -0.031301545151895434, 9.6192042691933679, 0.017855855855855855, 1.6177439965015117, 2.6145085085085125, 0.006550378307416759, 4.138492408483971, 2.5702482082500047, 23.4103707587233, 478, 0.9999999999999988, 0.0009999999999999987, 1.6177439965015123, 445, 230, 2.6145085085085085]
1
[1000, 8919, 0.05464094632986638, 17.838, 32.9262731829356, 0.3848176995595948, 1054.8631814011528, 0.533, 4, 3, 467, 3.533, 0.04880211680483103, 1000, 1.4426521939255528, 1.4462607444123243, 1.0, 1000.0000000000014, 0.0, 0.0, 7234, 7920, 0.0020243657121737785, -0.036333353548123851, 9.6194482943612556, 0.017855855855855855, 1.6148693783964345, 2.6116396396396233, 0.006584591731870282, 4.143641905139755, 2.572822956577897, 23.43817652710592, 467, 1.0, 0.001, 1.6148693783964307, 452, 229, 2.6116396396396397]
1
[1000, 8919, 0.05635209211738556, 17.838, 33.875387599742474, 0.38579463385127455, 1054.402880707099, 0.538, 4, 3, 462, 3.538, 0.04994027123884478, 1000, 1.4456866449876664, 1.4480745408487405, 1.0, 1000.0000000000002, 0.0, 0.0, 7211, 7920, 0.0020837776773745763, -0.039184482103603639, 9.6149838792197997, 0.017855855855855855, 1.6085323800754683, 2.605315315315312, 0.006568905652437516, 4.141002203840888, 2.57150310592847, 23.22717382532451, 462, 1.0000000000000009, 0.0010000000000000009, 1.6085323800754654, 449, 240, 2.6053153153153152]
1
[1000, 8919, 0.06290944948152889, 17.838, 34.656463843379846, 0.3864288974770228, 1054.0942329631278, 0.489, 4, 3, 511, 3.489, 0.05158693103412498, 1000, 1.4420692012928151, 1.445051831504893, 1.0, 1000.0000000000011, 0.0, 0.0, 7159, 7920, 0.0020894699438603706, -0.048364883050233232, 9.601969383818961, 0.017855855855855855, 1.6042334920090457, 2.6010250250250273, 0.006522416751354875, 4.131966970737402, 2.566985489376719, 23.334798252661386, 511, 1.000000000000001, 0.001000000000000001, 1.6042334920090409, 451, 229, 2.601025025025025]
1
[1000, 8919, 0.05338116562803789, 17.838, 32.455160180873946, 0.38404664612219847, 1054.4600767595587, 0.519, 4, 3, 481, 3.519, 0.047973081588215526, 1000, 1.4426058196632068, 1.4478054120717627, 1.0, 999.9999999999998, 0.0, 0.0, 7221, 7920, 0.0019869131108664773, -0.032326705172060821, 9.6192402417305516, 0.017855855855855855, 1.6197740826999343, 2.616534534534539, 0.006560580496317212, 4.144513408954527, 2.573258708485267, 23.521868843538353, 481, 1.0000000000000004, 0.0010000000000000005, 1.6197740826999314, 445, 231, 2.6165345345345346]
1
[1000, 8919, 0.0549362315249667, 17.838, 33.64155249003286, 0.3856598114958405, 1054.2605817638787, 0.495, 4, 3, 505, 3.495, 0.0477038382276263, 1000, 1.446645557708767, 1.4498165003020587, 1.0, 1000.000000000002, 0.0, 0.0, 7291, 7920, 0.0020100239477977375, -0.047690195833646649, 9.6138929607396726, 0.017855855855855855, 1.6092164308597188, 2.605997997998004, 0.00655127323327682, 4.1377266577882965, 2.5698653329021712, 23.53574212184043, 505, 1.000000000000001, 0.001000000000000001, 1.6092164308597197, 448, 242, 2.605997997997998]
1
[1000, 8919, 0.05499526299924836, 17.838, 32.290061257656234, 0.38383965524085745, 1054.3270227704008, 0.541, 4, 3, 459, 3.541, 0.0498797148469399, 1000, 1.4444060305459812, 1.4475384027026579, 1.0, 1000.0000000000036, 0.0, 0.0, 7115, 7920, 0.0019740628301328092, -0.030719605416668117, 9.6236012435109561, 0.017855855855855855, 1.6210980519597755, 2.617855855855852, 0.0065606953830690765, 4.149851572972672, 2.5759277904943403, 23.44374975259261, 459, 1.0000000000000004, 0.0010000000000000005, 1.6210980519597733, 446, 240, 2.617855855855856]
1
[1000, 8919, 0.05687081728058271, 17.838, 32.618938961649, 0.38396910219138314, 1054.5233209416622, 0.561, 4, 3, 439, 3.561, 0.051005023304362955, 1000, 1.4471662942781272, 1.4496699187890565, 1.0, 1000.0000000000007, 0.0, 0.0, 7164, 7920, 0.002026236721090242, -0.025261016404558176, 9.6163160281628333, 0.017855855855855855, 1.620544392087481, 2.6173033033033013, 0.0065496856805737766, 4.146332222269772, 2.5741681151428906, 23.26186852101769, 439, 0.9999999999999994, 0.0009999999999999994, 1.6205443920874787, 447, 249, 2.6173033033033035]
1
[1000, 8919, 0.05999930050745662, 17.838, 33.78855512513356, 0.3855390424094742, 1054.2704381393612, 0.471, 4, 3, 529, 3.471, 0.05054050706816935, 1000, 1.4402162832269294, 1.4410969125607727, 1.0, 1000.0000000000009, 0.0, 0.0, 7066, 7920, 0.0020416445716202425, -0.043485827610538062, 9.6076562093336317, 0.017855855855855855, 1.609786138844255, 2.606566566566577, 0.006539555057375169, 4.135621514055652, 2.568812761035854, 23.41344208154776, 529, 0.9999999999999987, 0.0009999999999999987, 1.609786138844256, 445, 232, 2.6065665665665665]
1
[1000, 8919, 0.060216397728396556, 17.838, 34.323724450598355, 0.38613305255062663, 1053.982590760252, 0.479, 4, 3, 521, 3.479, 0.05015065142305229, 1000, 1.4422865428994278, 1.4504002027212959, 1.0, 1000.0000000000022, 0.0, 0.0, 7132, 7920, 0.0020413615222994344, -0.046519345863208224, 9.604415357612039, 0.017855855855855855, 1.6059406099486224, 2.6027287287287333, 0.0065304082086685205, 4.1290205086176845, 2.5655122583168666, 23.380272358825028, 521, 1.0000000000000007, 0.0010000000000000007, 1.6059406099486255, 448, 249, 2.602728728728729]
1
[1000, 8919, 0.0608746253665675, 17.838, 34.65651798184786, 0.38643705597232575, 1054.1985234855517, 0.483, 4, 3, 517, 3.483, 0.05134228535698123, 1000, 1.4433391917745184, 1.4478485989091898, 1.0, 1000.0000000000014, 0.0, 0.0, 7165, 7920, 0.002060123067320519, -0.047845613782984346, 9.5990032268253582, 0.017855855855855855, 1.6040449266902153, 2.6008368368368258, 0.006531099574798792, 4.126154255573236, 2.564079131794637, 23.26134440403828, 517, 1.000000000000002, 0.001000000000000002, 1.6040449266902173, 451, 242, 2.600836836836837]
1
[1000, 8919, 0.05643463330985008, 17.838, 33.38287003366272, 0.38518116565036525, 1054.638609878623, 0.523, 4, 3, 477, 3.523, 0.05072864588873524, 1000, 1.4475724006358373, 1.4496990777851568, 1.0, 1000.0000000000002, 0.0, 0.0, 7266, 7920, 0.002061470801090195, -0.037279912789154011, 9.6119213737084017, 0.017855855855855855, 1.612686835131724, 2.6094614614614544, 0.006548946474200286, 4.141915237090916, 2.5719596225534844, 23.36738753902028, 477, 1.0000000000000009, 0.0010000000000000009, 1.6126868351317267, 453, 224, 2.6094614614614615]
1
[1000, 8919, 0.05319642051429725, 17.838, 32.10841037883209, 0.38361394085197215, 1054.2241531865084, 0.561, 4, 3, 439, 3.561, 0.04779155222329448, 1000, 1.4432106609554916, 1.4488922757358373, 1.0, 1000.0000000000005, 0.0, 0.0, 7158, 7920, 0.0019303388157020417, -0.032852279849293772, 9.6242810043951579, 0.017855855855855855, 1.6225022617808182, 2.6192572572572406, 0.006552142948273003, 4.143226984917784, 2.572615496466909, 23.612237356297435, 439, 0.9999999999999981, 0.000999999999999998, 1.6225022617808171, 452, 227, 2.6192572572572574]
1
[1000, 8919, 0.05631643920120962, 17.838, 32.767516870387794, 0.3842528193655354, 1054.3478637375404, 0.509, 4, 3, 491, 3.509, 0.050345508390918066, 1000, 1.4448573673464384, 1.447571463738096, 1.0, 1000.0000000000002, 0.0, 0.0, 7224, 7920, 0.0020302739406274748, -0.028464086677075742, 9.6152768558748321, 0.017855855855855855, 1.618632660716829, 2.615395395395399, 0.00653809762000435, 4.143444183028605, 2.572724095522311, 23.342389123739405, 491, 0.9999999999999996, 0.0009999999999999996, 1.6186326607168329, 441, 231, 2.6153953953953955]
1
[1000, 8919, 0.056118397909995316, 17.838, 32.7746642573641, 0.3842530997052868, 1054.4382705384205, 0.553, 4, 3, 447, 3.553, 0.050011571730262966, 1000, 1.4472643418537756, 1.451731817218688, 1.0, 1000.0000000000015, 0.0, 0.0, 7147, 7920, 0.0020353897341656266, -0.030550642552392818, 9.6175093301889767, 0.017855855855855855, 1.618670774983397, 2.6154334334334273, 0.006553612668838981, 4.14529857073844, 2.573651289377238, 23.315851925801322, 447, 1.0000000000000007, 0.0010000000000000007, 1.6186707749833993, 448, 238, 2.6154334334334335]
1
[1000, 8919, 0.05672099065073845, 17.838, 32.62035421346951, 0.3840136718978504, 1054.4117468450872, 0.538, 4, 3, 462, 3.538, 0.05065741829125832, 1000, 1.4455153873008082, 1.446610088522834, 1.0, 1000.0000000000018, 0.0, 0.0, 7173, 7920, 0.0020280151449071945, -0.026739225505420589, 9.6187839965929207, 0.017855855855855855, 1.620123129141165, 2.6168828828828845, 0.0065498222810279946, 4.146475219574007, 2.574239613795014, 23.30988848540816, 462, 1.0000000000000004, 0.0010000000000000005, 1.6201231291411655, 452, 232, 2.6168828828828827]
1
[1000, 8919, 0.05970568332728497, 17.838, 34.72187612496339, 0.386678687800798, 1054.0836886896686, 0.471, 4, 3, 529, 3.471, 0.049311518460289215, 1000, 1.4452233014827012, 1.4463515652899481, 1.0, 1000.0000000000019, 0.0, 0.0, 7269, 7920, 0.0020530718642416674, -0.054913444393684986, 9.59848624785608, 0.017855855855855855, 1.6024742177046771, 2.5992692692692563, 0.006523214995111666, 4.124263536625297, 2.5631337723206644, 23.550229882557648, 529, 1.0000000000000007, 0.0010000000000000007, 1.6024742177046787, 449, 247, 2.599269269269269]
