1
[1500, 20804, 0.05576428038416388, 27.738666666666667, 49.17146318763528, 0.4037506680962851, 1553.2152440463556, 0.023333333333333334, 4, 3, 1465, 3.0233333333333334, 0.05271612060850819, 1500, 1.362284163540193, 1.3642133189441263, 1.0, 1500.0, 0.0, 0.0, 17960, 19305, 0.001357493759492561, -0.019277122774681885, 10.21683618853068, 0.018504780965087838, 1.4921019887757865, 2.490112519457438, 0.006998506969718808, 3.9208868274839777, 2.461110970484309, 29.074181480298353, 1465, 1.0000000000000007, 0.0006666666666666671, 1.4921019887757856, 706, 266, 2.490112519457416]
1
[1500, 20804, 0.057944011449871186, 27.738666666666667, 50.46217272612462, 0.40485956540475726, 1552.8525542471543, 0.024666666666666667, 4, 3, 1463, 3.0246666666666666, 0.05201782934485905, 1500, 1.363660305751444, 1.3642134244398638, 1.0, 1500.0000000000011, 0.0, 0.0, 18201, 19305, 0.0013600668745314595, -0.031127715223499965, 10.208252570007412, 0.018504780965087838, 1.4852197860433891, 2.4832394929953288, 0.006976111830076777, 3.9117416831349305, 2.4565383983097817, 29.116815310699682, 1463, 0.9999999999999999, 0.0006666666666666666, 1.4852197860433882, 693, 273, 2.48323949299533]
1
[1500, 20804, 0.05497721845190045, 27.738666666666667, 49.16696744088026, 0.4036805392322507, 1552.9419864575318, 0.024, 4, 3, 1464, 3.024, 0.0510695032172048, 1500, 1.3613299683855231, 1.3627380846135968, 1.0, 1500.0000000000034, 0.0, 0.0, 17775, 19305, 0.001344049663928835, -0.020236570337178433, 10.21728902425423, 0.018504780965087838, 1.4923522668873155, 2.4903624638647828, 0.006989025908973318, 3.916632430220704, 2.458983771852684, 29.121708897497584, 1464, 1.000000000000001, 0.0006666666666666674, 1.492352266887317, 697, 282, 2.4903624638647988]
1
[1500, 20804, 0.05541412605007066, 27.738666666666667, 49.35791858607229, 0.4037757008413567, 1553.0687648885435, 0.026, 4, 3, 1461, 3.026, 0.05224537420211799, 1500, 1.362175795398705, 1.3675416367251114, 1.0, 1500.0000000000045, 0.0, 0.0, 17932, 19305, 0.0013564062265432693, -0.021462130099571226, 10.214794585993431, 0.018504780965087838, 1.4919229642191434, 2.489933733600198, 0.0069897150008608015, 3.920241003019788, 2.460788058252222, 29.018970918072288, 1461, 0.9999999999999992, 0.0006666666666666661, 1.4919229642191405, 703, 263, 2.489933733600178]
1
[1500, 20804, 0.05467207012185562, 27.738666666666667, 49.05616752618888, 0.4036378238440087, 1553.3413842628677, 0.023333333333333334, 4, 2, 1, 3.022666666666667, 0.05170449424205935, 1500, 1.3646629029547306, 1.368110266922075, 1.0, 1500.0000000000011, 0.0, 0.0, 17875, 19305, 0.001370624541480336, -0.017088902772237118, 10.220115036322698, 0.018504780965087838, 1.4928073989691357, 2.490816989103842, 0.007018607364447751, 3.9236628831511764, 2.4624989983179146, 29.030200813739775, 1, 1.0000000000000007, 0.0006666666666666671, 1.4928073989691353, 692, 245, 2.490816989103847]
1
[1500, 20804, 0.05482409751260304, 27.738666666666667, 48.88393717026641, 0.40339242877456943, 1553.1949825224847, 0.03333333333333333, 4, 3, 1450, 3.033333333333333, 0.052031951797873066, 1500, 1.3654312744693928, 1.3675783331642157, 1.0, 1500.0000000000066, 0.0, 0.0, 18050, 19305, 0.0013624922482459157, -0.016507570008883574, 10.220646268286401, 0.018504780965087838, 1.4944043692679922, 2.4924118301089444, 0.007012120013759299, 3.924011960895805, 2.4626735371902226, 28.990637430074184, 1450, 1.0000000000000002, 0.0006666666666666669, 1.4944043692679827, 694, 283, 2.4924118301089617]
1
[1500, 20804, 0.05598481010231018, 27.738666666666667, 50.14127732685657, 0.40452747304119163, 1553.1116058107798, 0.024, 4, 3, 1464, 3.024, 0.05252980409125498, 1500, 1.3624420021989674, 1.3668694846918485, 1.0, 1500.000000000001, 0.0, 0.0, 18152, 19305, 0.0013911145525201073, -0.022804243369223768, 10.211729855975147, 0.018504780965087838, 1.487321765912477, 2.485338670224599, 0.006996682087848554, 3.91735980332003, 2.4593474584023247, 28.93708608053373, 1464, 1.0000000000000007, 0.0006666666666666671, 1.48732176591248, 694, 273, 2.485338670224594]
1
[1500, 20804, 0.05839357047148438, 27.738666666666667, 50.616598537147645, 0.4049913237890893, 1552.7622446033201, 0.024, 4, 3, 1464, 3.024, 0.052429553366858096, 1500, 1.3621811420210572, 1.3651633388124367, 1.0, 1500.0000000000027, 0.0, 0.0, 17854, 19305, 0.0013659068442154827, -0.030666642550320016, 10.206833159969495, 0.018504780965087838, 1.4844101675260142, 2.4824309539693394, 0.006964013593760935, 3.9106869586752784, 2.4560110360799747, 29.059702230786424, 1464, 1.0, 0.0006666666666666666, 1.4844101675260124, 692, 272, 2.482430953969313]
1
[1500, 20804, 0.05908556769393432, 27.738666666666667, 51.57681268913333, 0.40610600636338534, 1552.9205845586014, 0.010666666666666666, 4, 3, 1484, 3.010666666666667, 0.05306207849586889, 1500, 1.3622978539558508, 1.3645840283284758, 1.0, 1500.000000000003, 0.0, 0.0, 18009, 19305, 0.0013958453802680605, -0.034176040784882192, 10.203423812641049, 0.018504780965087838, 1.4776232664232798, 2.4756531020680588, 0.006976743217808073, 3.908680284340266, 2.455007698912447, 28.949137427262883, 1484, 0.9999999999999988, 0.0006666666666666659, 1.4776232664232762, 699, 280, 2.4756531020680455]
1
[1500, 20804, 0.05717689127590537, 27.738666666666667, 50.32180865894585, 0.4045305842632944, 1553.0428684172186, 0.026, 4, 3, 1461, 3.026, 0.05420999804006581, 1500, 1.3630531823762713, 1.3672424386321076, 1.0, 1500.000000000001, 0.0, 0.0, 18026, 19305, 0.0014126182351342055, -0.018488542282724649, 10.208556556409293, 0.018504780965087838, 1.4874037075005972, 2.4854205025572673, 0.006977348150355849, 3.915641038341863, 2.458488075913277, 28.712275383573658, 1461, 1.0000000000000004, 0.000666666666666667, 1.4874037075005924, 690, 278, 2.48542050255726]
1
[1500, 20804, 0.057126553392320444, 27.738666666666667, 49.80115765921046, 0.4042982126517796, 1553.0307662866312, 0.02266666666666667, 4, 3, 1466, 3.022666666666667, 0.052413853936852786, 1500, 1.3611517877738668, 1.3630787584611797, 1.0, 1500.000000000001, 0.0, 0.0, 18021, 19305, 0.0013700539066768135, -0.023359372596518668, 10.213554003972881, 0.018504780965087838, 1.4886720207775355, 2.486687124749825, 0.006995510586584948, 3.917465567257533, 2.4594003403710913, 29.076118246457856, 1466, 1.0000000000000004, 0.000666666666666667, 1.4886720207775357, 703, 278, 2.4866871247498334]
1
[1500, 20804, 0.05621828964611601, 27.738666666666667, 50.08400973877923, 0.40457902333902696, 1552.9471399247598, 0.021333333333333333, 4, 3, 1468, 3.021333333333333, 0.0521876142034664, 1500, 1.362695082518695, 1.36743823354389, 1.0, 1500.0000000000039, 0.0, 0.0, 17972, 19305, 0.0013720396700472367, -0.026139773634936025, 10.211369528354375, 0.018504780965087838, 1.4868978072609185, 2.4849152768512215, 0.006984489339293317, 3.9146745860159484, 2.4580048497502816, 29.063916864295575, 1468, 0.9999999999999999, 0.0006666666666666666, 1.486897807260915, 696, 278, 2.4849152768512344]
1
[1500, 20804, 0.05452594935502455, 27.738666666666667, 49.15834872069591, 0.4036193541750169, 1553.1560524729991, 0.02666666666666667, 4, 3, 1460, 3.026666666666667, 0.05177702591888428, 1500, 1.3630058360687944, 1.3663023911574714, 1.0, 1500.000000000001, 0.0, 0.0, 17948, 19305, 0.001363787501036265, -0.018920634111618422, 10.217319545142365, 0.018504780965087838, 1.4929890955340954, 2.490998443406709, 0.006999408642433851, 3.9202061151662506, 2.4607706143254258, 29.058579667556845, 1460, 0.9999999999999993, 0.0006666666666666662, 1.492989095534096, 702, 268, 2.4909984434067156]
1
[1500, 20804, 0.054606365932228666, 27.738666666666667, 49.14599629005884, 0.4036018237796863, 1552.9746528118794, 0.023333333333333334, 4, 3, 1465, 3.0233333333333334, 0.0518617790841113, 1500, 1.364842868440751, 1.370947119456337, 1.0, 1500.000000000002, 0.0, 0.0, 18003, 19305, 0.001356768685003495, -0.017996365675696686, 10.216938431233697, 0.018504780965087838, 1.4929534687566535, 2.4909628641316353, 0.0069858848899407135, 3.9185672240096667, 2.459951168747154, 29.03368036297742, 1465, 1.0000000000000004, 0.000666666666666667, 1.4929534687566568, 694, 270, 2.4909628641316433]
1
[1500, 20804, 0.056587442595288306, 27.738666666666667, 49.965159096394906, 0.40444009406501347, 1552.9231180793686, 0.019333333333333334, 4, 3, 1471, 3.0193333333333334, 0.0523927178153446, 1500, 1.3634243797219119, 1.365297258089061, 1.0, 1500.000000000005, 0.0, 0.0, 18029, 19305, 0.0013710472047061455, -0.02354255861701789, 10.210901135217714, 0.018504780965087838, 1.4878463702103153, 2.485862575050035, 0.006973255578954531, 3.914723309948408, 2.458029211716511, 28.995404535939166, 1471, 0.9999999999999988, 0.0006666666666666659, 1.4878463702103155, 689, 277, 2.4858625750500334]
1
[1500, 20804, 0.05741229020500466, 27.738666666666667, 50.56140263749177, 0.40496467179940204, 1553.0675937012795, 0.028666666666666667, 4, 3, 1457, 3.0286666666666666, 0.05263839949034404, 1500, 1.364009630521962, 1.3658655803259099, 1.0, 1500.000000000001, 0.0, 0.0, 18031, 19305, 0.001383341160552609, -0.028410260561968027, 10.208008067151091, 0.018504780965087838, 1.484672024340215, 2.482692461641085, 0.0069857092799533544, 3.913020830098767, 2.4571779717917006, 29.001241507518834, 1457, 0.9999999999999994, 0.0006666666666666663, 1.4846720243402145, 698, 264, 2.482692461641094]
1
[1500, 20804, 0.055046550203083154, 27.738666666666667, 48.74179670227786, 0.4032496984271922, 1552.9745118293881, 0.023333333333333334, 4, 3, 1465, 3.0233333333333334, 0.05133510801679123, 1500, 1.3618216485374675, 1.3666408787962858, 1.0, 1500.000000000006, 0.0, 0.0, 17955, 19305, 0.0013326493133959322, -0.019519205344137619, 10.219295582716487, 0.018504780965087838, 1.4950545579563055, 2.4930611518790458, 0.0069923450417099416, 3.9198733902100806, 2.4606042518473696, 29.22560728508377, 1465, 0.9999999999999996, 0.0006666666666666663, 1.4950545579563062, 698, 276, 2.4930611518790307]
1
[1500, 20804, 0.05862778611007738, 27.738666666666667, 50.75334885260201, 0.40528419294157036, 1552.8775179068464, 0.014, 4, 3, 1479, 3.014, 0.05299415858381517, 1500, 1.3604541386882714, 1.362734533521035, 1.0, 1500.0000000000016, 0.0, 0.0, 17827, 19305, 0.001377006376881507, -0.029231220943126347, 10.20889764337119, 0.018504780965087838, 1.4825085882800386, 2.4805319101623176, 0.006984126755640022, 3.9115545474925626, 2.456444830488586, 28.977967967588597, 1479, 1.000000000000001, 0.0006666666666666674, 1.482508588280037, 695, 253, 2.4805319101623304]
1
[1500, 20804, 0.05790374152304344, 27.738666666666667, 49.891495495830235, 0.40419210446600207, 1553.1050239470771, 0.021333333333333333, 4, 3, 1468, 3.021333333333333, 0.05285000525139162, 1500, 1.3650369566766618, 1.367351420533889, 1.0, 1500.000000000002, 0.0, 0.0, 17913, 19305, 0.0013746620213672574, -0.023996215364993394, 10.212284418433629, 0.018504780965087838, 1.4894406685008532, 2.4874547476095037, 0.006985279730743225, 3.9202024119106444, 2.460768762697659, 28.993083365457533, 1468, 1.0000000000000033, 0.0006666666666666689, 1.4894406685008537, 698, 275, 2.4874547476095175]
1
[1500, 20804, 0.05651209198188358, 27.738666666666667, 49.90534784345419, 0.4043767906413849, 1553.0136552135277, 0.037333333333333336, 4, 3, 1444, 3.037333333333333, 0.0524532401738337, 1500, 1.365030835355638, 1.3678299723533025, 1.0, 1500.000000000003, 0.0, 0.0, 17844, 19305, 0.0013750186508428278, -0.023335252203105779, 10.212786512546723, 0.018504780965087838, 1.4883585051360457, 2.4863740271291808, 0.006985180687711393, 3.9166126089939506, 2.458973861239293, 28.992129852909173, 1444, 1.0000000000000004, 0.000666666666666667, 1.4883585051360457, 693, 285, 2.486374027129197]
