1
[1100, 10900, 0.057743949989498056, 19.818181818181817, 37.06050822879395, 0.38993205437167283, 1153.878465190612, 0.3209090909090909, 4, 3, 747, 3.320909090909091, 0.05086409797910247, 1100, 1.4225425267420926, 1.4244255378200408, 1.0, 1100.000000000003, 0.0, 0.0, 8937, 9801, 0.001860282760318832, -0.03819549057074044, 9.7498069145200148, 0.018032922491521216, 1.5805973637236057, 2.5777235503350235, 0.006641610235557012, 4.076430808621292, 2.5391261511230288, 24.63141693001245, 747, 0.9999999999999996, 0.0009090909090909087, 1.5805973637236037, 493, 258, 2.577723550335015]
1
[1100, 10900, 0.05556319681341839, 19.818181818181817, 35.7908331817477, 0.38849781276750195, 1153.9905201874972, 0.39454545454545453, 4, 3, 666, 3.3945454545454545, 0.04952180999773319, 1100, 1.4195498717040997, 1.4238350933122792, 1.0, 1100.0000000000011, 0.0, 0.0, 8844, 9801, 0.0018060164101610639, -0.02899931387034569, 9.7607632446038366, 0.018032922491521216, 1.5898390820600246, 2.586948465547187, 0.006669247166549129, 4.0861711312950035, 2.5439963124598957, 24.745973954161514, 666, 0.9999999999999998, 0.0009090909090909089, 1.5898390820600328, 504, 239, 2.5869484655471915]
1
[1100, 10900, 0.05450797218453832, 19.818181818181817, 35.87370594126338, 0.3885847356216532, 1153.753068431311, 0.36, 4, 3, 704, 3.36, 0.04861316122322403, 1100, 1.4255741953364909, 1.4303553899139252, 1.0, 1100.000000000001, 0.0, 0.0, 8904, 9801, 0.0017761368061828579, -0.036549602633892529, 9.7598212739369181, 0.018032922491521216, 1.5891728032273105, 2.586283398130526, 0.0066579118100479565, 4.083640461392393, 2.5427309775085907, 24.882144211549154, 704, 1.0000000000000018, 0.0009090909090909107, 1.5891728032273114, 494, 250, 2.586283398130532]
1
[1100, 10900, 0.0573394203658324, 19.818181818181817, 36.92527839090499, 0.38969432188592296, 1153.7838390017157, 0.3209090909090909, 4, 3, 747, 3.320909090909091, 0.050677409084570225, 1100, 1.4221076426363621, 1.4241336834382399, 1.0, 1100.000000000002, 0.0, 0.0, 8759, 9801, 0.0018645949424561138, -0.035081030418617445, 9.7532831369384443, 0.018032922491521216, 1.5820807457019197, 2.5792042352551934, 0.0066621629383621615, 4.078020015691316, 2.5399207546580347, 24.552328311179544, 747, 1.0, 0.0009090909090909091, 1.5820807457019226, 504, 243, 2.5792042352551907]
1
[1100, 10900, 0.05647921898404259, 19.818181818181817, 36.43781958427369, 0.38930670511530135, 1154.1185474633207, 0.37636363636363634, 4, 3, 686, 3.3763636363636365, 0.05162303609454291, 1100, 1.4225687130561402, 1.428496624370918, 1.0, 1100.0, 0.0, 0.0, 8900, 9801, 0.0018709011752032214, -0.028281288242175674, 9.7603082192102022, 0.018032922491521216, 1.584744203622767, 2.5818628505252788, 0.0066928491201778935, 4.08572359220126, 2.5437725429130214, 24.47937242298142, 686, 0.9999999999999999, 0.000909090909090909, 1.584744203622766, 501, 247, 2.5818628505252708]
1
[1100, 10900, 0.06205566380044802, 19.818181818181817, 37.917097351478816, 0.39055320173370994, 1153.8249399731033, 0.3327272727272727, 4, 3, 734, 3.3327272727272725, 0.05357664084063478, 1100, 1.4204187874335512, 1.4268145127536465, 1.0, 1100.0000000000007, 0.0, 0.0, 8791, 9801, 0.001930179707409935, -0.03881841174392596, 9.7427422238547727, 0.018032922491521216, 1.5766411259780788, 2.573774505749029, 0.006644113054304218, 4.075467705892961, 2.5386445997588587, 24.328647654671947, 734, 1.0000000000000007, 0.0009090909090909097, 1.5766411259780808, 495, 251, 2.573774505749028]
1
[1100, 10900, 0.05789414468855009, 19.818181818181817, 37.28779205035069, 0.39012179380608425, 1154.0740150850788, 0.32727272727272727, 4, 3, 740, 3.327272727272727, 0.05176026442264002, 1100, 1.4229566660891624, 1.432462456159503, 1.0, 1100.0000000000005, 0.0, 0.0, 8810, 9801, 0.001924806401737002, -0.031266088284658489, 9.7505924822717347, 0.018032922491521216, 1.579652640005569, 2.5767805442964726, 0.006658665719418096, 4.079676005694532, 2.5407487496596546, 24.450421014687432, 740, 0.9999999999999996, 0.0009090909090909087, 1.5796526400055733, 501, 232, 2.5767805442964677]
1
[1100, 10900, 0.058741765687722096, 19.818181818181817, 37.421484074469575, 0.3904032956728125, 1153.717257975499, 0.2509090909090909, 4, 3, 824, 3.250909090909091, 0.04928937430465236, 1100, 1.4225684096471356, 1.4268448782916152, 1.0, 1100.0000000000023, 0.0, 0.0, 8910, 9801, 0.001824866133240069, -0.050071879376919898, 9.7483136371773949, 0.018032922491521216, 1.5771797842383626, 2.574312184630655, 0.006657443760283137, 4.072926936230582, 2.537374214927673, 24.80882289748791, 824, 1.0000000000000002, 0.0009090909090909093, 1.577179784238365, 500, 241, 2.574312184630656]
1
[1100, 10900, 0.05905030020049417, 19.818181818181817, 37.685545907701695, 0.3906488217849872, 1153.9357047558708, 0.30363636363636365, 4, 3, 766, 3.3036363636363637, 0.051989571686923905, 1100, 1.4227411249367865, 1.4241116995713774, 1.0, 1100.000000000002, 0.0, 0.0, 8886, 9801, 0.0018950367018222664, -0.038878693324200617, 9.7476015308746611, 0.018032922491521216, 1.5759118655641555, 2.573046571263126, 0.006661610212105465, 4.074454779028627, 2.538138136326704, 24.490141763399222, 766, 0.9999999999999994, 0.0009090909090909085, 1.5759118655641595, 498, 253, 2.5730465712631316]
1
[1100, 10900, 0.059025076951405527, 19.818181818181817, 37.03471237112605, 0.3894871072914956, 1153.8283466338844, 0.34363636363636363, 4, 3, 722, 3.3436363636363637, 0.05266401201122789, 1100, 1.4229777882268537, 1.430179735910186, 1.0, 1100.0000000000039, 0.0, 0.0, 8816, 9801, 0.0019164440961262122, -0.028368666269736626, 9.7486565378768901, 0.018032922491521216, 1.5835856740106535, 2.5807064273306355, 0.006643189034261872, 4.080732549577625, 2.5412770216012066, 24.3561132393999, 722, 1.0000000000000016, 0.0009090909090909105, 1.5835856740106509, 497, 247, 2.580706427330631]
