1
[500, 1984, 0.055622194071047196, 7.936, 16.708631091531867, 0.34082805327988114, 559.0948056976191, 0.142, 5, 3, 7, 4.128, 0.040202041026698276, 500, 1.6306690153569983, 1.6512879169291805, 1.0, 500.00000000000006, 0.0, 0.0, 1650, 1485, 0.004045229572379049, -0.090763281685639893, 8.5664768082147784, 0.01590380761523046, 1.9646763406330727, 2.9568176352705446, 0.005260737918999202, 4.753483094999161, 2.878749579628094, 15.903091451269077, 7, 0.9999999999999993, 0.0019999999999999987, 1.964676340633075, 207, 179, 2.956817635270541]
1
[500, 1984, 0.056304583678228534, 7.936, 16.33412525707008, 0.33995743109241544, 558.1213369798021, 0.168, 5, 3, 7, 4.154, 0.04273686454225727, 500, 1.6351964165452202, 1.6437261413544233, 1.0, 500.0000000000008, 0.0, 0.0, 1641, 1485, 0.003803654823892886, -0.075544102982683603, 8.5677347110530455, 0.01590380761523046, 1.9709941972298024, 2.9631102204408815, 0.005224063884322213, 4.759844526326336, 2.8819302952916916, 15.707136657116166, 7, 0.9999999999999994, 0.0019999999999999987, 1.9709941972298024, 203, 184, 2.963110220440882]
1
[500, 1984, 0.050798761694432, 7.936, 16.218255659999837, 0.34101455741318676, 558.7541491547458, 0.086, 5, 3, 9, 4.068, 0.03662386865922963, 500, 1.630849119946394, 1.6405339967429138, 1.0, 500.0000000000001, 0.0, 0.0, 1665, 1485, 0.004016913094146161, -0.068575985534346406, 8.5683499112864592, 0.01590380761523046, 1.9624550305430137, 2.9546052104208367, 0.005226595412591554, 4.748454702863555, 2.876235383560297, 15.860516653279301, 9, 1.0000000000000009, 0.0020000000000000018, 1.9624550305430117, 202, 177, 2.9546052104208416]
1
[500, 1984, 0.051383841931297566, 7.936, 15.318281720856886, 0.33724984826410725, 559.5186738294483, 0.156, 5, 3, 7, 4.142, 0.04105960264900662, 500, 1.6324078148166867, 1.6412403578641226, 1.0, 499.9999999999999, 0.0, 0.0, 1658, 1485, 0.00367255117379055, -0.064043298617370154, 8.5928612271595117, 0.01590380761523046, 1.9964265881159917, 2.988440881763524, 0.0052779494676094794, 4.796895243240681, 2.9004556537488595, 15.815947967670304, 7, 0.9999999999999999, 0.0019999999999999996, 1.9964265881159915, 207, 184, 2.988440881763527]
1
[500, 1984, 0.06086384794043524, 7.936, 17.230227316432348, 0.3431315443887928, 558.1887863905099, 0.074, 5, 3, 12, 4.05, 0.044126436018327914, 500, 1.6240356946576657, 1.633331467176969, 1.0, 500.0000000000006, 0.0, 0.0, 1649, 1485, 0.004105462700804978, -0.061718598586466125, 8.5444517925273846, 0.01590380761523046, 1.9457871566426026, 2.93800400801603, 0.00517030357171637, 4.719131280760808, 2.86157367250892, 15.377634076736815, 12, 1.0000000000000009, 0.0020000000000000018, 1.945787156642602, 201, 184, 2.938004008016032]
1
[500, 1984, 0.0635401311545984, 7.936, 17.619267726000437, 0.3436707460047228, 558.4059977770734, 0.104, 5, 3, 9, 4.086, 0.041623139200835726, 500, 1.639760867226625, 1.643949439537939, 1.0, 500.00000000000006, 0.0, 0.0, 1641, 1485, 0.004319506574181737, -0.094153572152242668, 8.5439903658947642, 0.01590380761523046, 1.9411674755132748, 2.9334028056112205, 0.005208652528908869, 4.73577525659811, 2.86989566042756, 15.649400899983286, 9, 1.0000000000000002, 0.0020000000000000005, 1.9411674755132748, 209, 168, 2.9334028056112222]
1
[500, 1984, 0.0569091829785533, 7.936, 16.69584025797266, 0.34223767164799407, 559.1458546711381, 0.106, 5, 3, 9, 4.088, 0.04160404426834267, 500, 1.6347773558525662, 1.6442666628036953, 1.0, 500.00000000000017, 0.0, 0.0, 1660, 1485, 0.004221382783674315, -0.061248577473754069, 8.5705214445853812, 0.01590380761523046, 1.9534249221334241, 2.945611222444887, 0.005248432451603631, 4.749160942457024, 2.8765885033570147, 15.589699399694995, 9, 0.9999999999999997, 0.001999999999999999, 1.9534249221334217, 206, 178, 2.9456112224448896]
1
[500, 1984, 0.05481243015287053, 7.936, 16.039179959245875, 0.33950107422471354, 558.61500021098, 0.14, 5, 3, 6, 4.128, 0.039475103361495595, 500, 1.6329394883483843, 1.6424892341464594, 1.0, 499.99999999999983, 0.0, 0.0, 1639, 1485, 0.003696745752000828, -0.076683065838580686, 8.5835960400915639, 0.01590380761523046, 1.9748251523126574, 2.966925851703405, 0.005280408437053579, 4.771961607440806, 2.887988835848915, 16.000034718531527, 6, 1.0000000000000002, 0.0020000000000000005, 1.974825152312656, 202, 184, 2.9669258517034067]
1
[500, 1984, 0.053586052337525586, 7.936, 17.047182973190836, 0.3427456160245694, 558.5901861983269, 0.074, 5, 3, 11, 4.052, 0.03969486262067103, 500, 1.6332305288392863, 1.6370334239308109, 1.0, 500.0000000000004, 0.0, 0.0, 1645, 1485, 0.003935549486620495, -0.098571535184064155, 8.5468459151590253, 0.01590380761523046, 1.9474531392101473, 2.9396633266533048, 0.005200375666579921, 4.708219641119503, 2.8561178526882656, 15.842521569575032, 11, 0.9999999999999994, 0.0019999999999999987, 1.947453139210146, 203, 183, 2.9396633266533065]
1
[500, 1984, 0.053080224773382055, 7.936, 15.758688485342882, 0.33887034639630814, 558.741450479784, 0.126, 5, 3, 6, 4.114, 0.03792502179598954, 500, 1.6299240464337599, 1.6400121894615651, 1.0, 500.0000000000003, 0.0, 0.0, 1658, 1485, 0.0036803879012030786, -0.079145294287594994, 8.5799547985318139, 0.01590380761523046, 1.9809015621604666, 2.9729779559118126, 0.005239897541207658, 4.769617139900281, 2.886816602078661, 16.09624015781699, 6, 1.0000000000000002, 0.0020000000000000005, 1.980901562160467, 207, 170, 2.9729779559118237]
1
[500, 1984, 0.05133585106999425, 7.936, 15.85526218099139, 0.3390030516793007, 558.462637858801, 0.1, 5, 3, 8, 4.084, 0.038203388600660304, 500, 1.629651036173782, 1.6431589369753845, 1.0, 500.0000000000005, 0.0, 0.0, 1670, 1485, 0.003760633637408375, -0.073856003881362514, 8.5866762905162108, 0.01590380761523046, 1.9795897014913382, 2.9716713426853776, 0.005271494842475065, 4.772610279442203, 2.8883131718496142, 15.84722370377202, 8, 0.9999999999999992, 0.0019999999999999983, 1.9795897014913348, 208, 177, 2.971671342685371]
1
[500, 1984, 0.05282473442197621, 7.936, 16.224005906332234, 0.3404469280806113, 558.7914356277101, 0.108, 5, 3, 9, 4.09, 0.03929203539823009, 500, 1.6327966155687719, 1.645381205056519, 1.0, 500.0000000000006, 0.0, 0.0, 1675, 1485, 0.003728728645337145, -0.069957947699161666, 8.5740372034229502, 0.01590380761523046, 1.9670827598973037, 2.959214428857718, 0.005249083748488701, 4.754895555143518, 2.879455809700278, 15.826035333587624, 9, 0.999999999999999, 0.001999999999999998, 1.967082759897303, 203, 176, 2.9592144288577154]
1
[500, 1984, 0.0683161252150153, 7.936, 18.17616066863932, 0.3457459416436189, 558.1426197745063, 0.092, 5, 3, 12, 4.068, 0.046214199145244626, 500, 1.6308263453732528, 1.634653374871414, 1.0, 500.0000000000004, 0.0, 0.0, 1621, 1485, 0.004052220290887727, -0.0941636103337537, 8.530155294877261, 0.01590380761523046, 1.9223990148972663, 2.9147094188376728, 0.005191570821501393, 4.700453238304755, 2.8522346512808956, 15.61601554977273, 12, 0.9999999999999997, 0.001999999999999999, 1.9223990148972638, 200, 180, 2.9147094188376754]
1
[500, 1984, 0.06095250482490845, 7.936, 17.28407128994, 0.34370703186491885, 558.683202741961, 0.066, 5, 3, 14, 4.038, 0.03925647564085358, 500, 1.6254711584373076, 1.638587923110069, 1.0, 499.9999999999998, 0.0, 0.0, 1659, 1485, 0.004065985139012902, -0.090505139409918639, 8.5613499162331657, 0.01590380761523046, 1.9388334902737163, 2.9310781563126214, 0.0052546362162704885, 4.7362857099128925, 2.8701508870849533, 15.944367450460655, 14, 1.0, 0.002, 1.9388334902737192, 205, 184, 2.9310781563126254]
1
[500, 1984, 0.05336226227729009, 7.936, 16.725272510190806, 0.34198710215534356, 559.1241885712985, 0.098, 5, 3, 10, 4.078, 0.04088135593220339, 500, 1.6331614557079477, 1.640595103427085, 1.0, 500.0000000000002, 0.0, 0.0, 1655, 1485, 0.0040998752054042615, -0.070791415854622314, 8.5689988243272595, 0.01590380761523046, 1.9559440165471533, 2.948120240480971, 0.005254957041304365, 4.750238752092142, 2.8771274081745815, 15.522063321940063, 10, 0.9999999999999998, 0.0019999999999999996, 1.9559440165471529, 203, 172, 2.948120240480962]
1
[500, 1984, 0.06219410364553581, 7.936, 17.789334848964554, 0.34430253638835734, 559.0288931039019, 0.07, 5, 3, 11, 4.048, 0.042376725199248365, 500, 1.626653923105934, 1.6306598987090228, 1.0, 500.00000000000006, 0.0, 0.0, 1620, 1485, 0.004163235072370587, -0.085814450701783493, 8.5519737141018304, 0.01590380761523046, 1.936233913610353, 2.9284889779559085, 0.005240075992279703, 4.734914883134411, 2.8694654736957177, 15.609293530093042, 11, 1.0000000000000004, 0.002000000000000001, 1.9362339136103532, 206, 180, 2.928488977955912]
1
[500, 1984, 0.06955982113768308, 7.936, 17.847057628182046, 0.34422513258818155, 559.044000139602, 0.098, 5, 3, 11, 4.076, 0.04612421762156957, 500, 1.6255631807906532, 1.6347821043519788, 1.0, 500.0000000000001, 0.0, 0.0, 1604, 1485, 0.004320436049671692, -0.082690301156611204, 8.5439700367604701, 0.01590380761523046, 1.937376761555239, 2.9296272545090223, 0.005220084724935282, 4.736098622705437, 2.870057343481232, 15.409629211762892, 11, 0.9999999999999994, 0.0019999999999999987, 1.9373767615552389, 202, 179, 2.929627254509018]
1
[500, 1984, 0.056954261896739494, 7.936, 17.293175243241624, 0.34210250714304014, 557.9174154300437, 0.114, 5, 3, 8, 4.098, 0.04019624429030621, 500, 1.6360095956541116, 1.6498822041635381, 1.0, 500.00000000000045, 0.0, 0.0, 1652, 1485, 0.004080037442942853, -0.097140466674554157, 8.5485281251981498, 0.01590380761523046, 1.9528534981609815, 2.9450420841683385, 0.005205729919737258, 4.7213059503665304, 2.862661007311771, 15.716721347282736, 8, 0.9999999999999998, 0.0019999999999999996, 1.9528534981609817, 197, 186, 2.9450420841683367]
1
[500, 1984, 0.04783183996428355, 7.936, 15.53274969829891, 0.3376672895374387, 559.0597908612938, 0.136, 5, 3, 7, 4.122, 0.038955306235056095, 500, 1.6393362859712952, 1.6416777794916004, 1.0, 500.0000000000003, 0.0, 0.0, 1675, 1485, 0.003904668608129154, -0.067908162527832702, 8.587849808827233, 0.01590380761523046, 1.9914608333132113, 2.9834949899799628, 0.005266631531624233, 4.791034508206712, 2.8975252862318728, 15.92267100946732, 7, 1.0, 0.002, 1.9914608333132142, 200, 192, 2.98349498997996]
1
[500, 1984, 0.06226045486851262, 7.936, 17.16211315320407, 0.34244514711568197, 558.3477479625648, 0.118, 5, 3, 9, 4.1, 0.044689957201154575, 500, 1.6294061805755897, 1.6513102702747464, 1.0, 500.00000000000057, 0.0, 0.0, 1637, 1485, 0.004385458834013638, -0.064742675982097889, 8.5502144395819535, 0.01590380761523046, 1.9515335892668881, 2.943727454909822, 0.005212270089486357, 4.739171559159421, 2.8715938117082307, 15.383072175654345, 9, 1.0000000000000002, 0.0020000000000000005, 1.9515335892668848, 201, 186, 2.9437274549098196]
