1
[1000, 18639, 0.09152736924606004, 37.278, 60.20854898692199, 0.458600881028336, 1026.4589676415544, 0.99, 3, 2, 10, 2.99, 0.08589705379121547, 1000, 1.3127063946267468, 1.3158998574808585, 1.0, 999.9999999999991, 0.0, 0.0, 19876, 17640, 0.0020632531805050186, -0.03274411408267975, 9.6750828227860524, 0.03731531531531532, 1.1925071363949118, 2.1901221221221276, 0.014525406094941146, 3.4339014655761453, 2.2179527367960783, 25.236538908275524, 10, 0.9999999999999991, 0.0009999999999999992, 1.19250713639491, 480, 146, 2.1901221221221223]
1
[1000, 18639, 0.09328666862009524, 37.278, 60.02619829902009, 0.45831769719947224, 1026.4501395915477, 0.987, 3, 2, 13, 2.987, 0.08896436258388506, 1000, 1.3101740133629165, 1.3138301188057118, 1.0, 1000.0000000000003, 0.0, 0.0, 19608, 17640, 0.002112015006330485, -0.01877098152158773, 9.674879226943645, 0.03731531531531532, 1.1937729312478835, 2.191385385385396, 0.014519716214851335, 3.4333130631530087, 2.217658535584528, 25.000034556460626, 13, 0.9999999999999996, 0.0009999999999999996, 1.1937729312478842, 476, 144, 2.1913853853853853]
1
[1000, 18639, 0.09238254446254401, 37.278, 59.95101715984512, 0.4580421904086409, 1026.4738022281567, 0.988, 3, 2, 12, 2.988, 0.08888948191282119, 1000, 1.3109589860955215, 1.3128409478032497, 1.0, 1000.0000000000017, 0.0, 0.0, 19657, 17640, 0.002112030518142897, -0.018610811392461939, 9.6750512790318641, 0.03731531531531532, 1.1951751350548954, 2.192784784784781, 0.014517068637926506, 3.4354928585466014, 2.2187484332813114, 25.02166055422134, 12, 0.999999999999999, 0.000999999999999999, 1.1951751350548914, 473, 143, 2.192784784784785]
1
[1000, 18639, 0.09166547735391577, 37.278, 59.86717094730341, 0.457792914387473, 1026.4225889442437, 0.991, 3, 2, 9, 2.991, 0.08762000478494976, 1000, 1.3121279370165317, 1.313694758127346, 1.0, 1000.0000000000015, 0.0, 0.0, 20093, 17640, 0.0020870530942424153, -0.020912935555383424, 9.6748209717549951, 0.03731531531531532, 1.1965031163427957, 2.1941101101101004, 0.014397868306903561, 3.435177191625598, 2.2185905998208146, 25.099853752386117, 9, 0.999999999999999, 0.000999999999999999, 1.1965031163427957, 470, 157, 2.19411011011011]
1
[1000, 18639, 0.09030960699567228, 37.278, 58.777024174866064, 0.4568917201264241, 1026.5301455365209, 0.99, 3, 2, 10, 2.99, 0.08704589876659702, 1000, 1.3128530519667012, 1.315917435573769, 1.0, 1000.0000000000023, 0.0, 0.0, 19813, 17640, 0.0020605748274859486, -0.01316940116678608, 9.6828775759293606, 0.03731531531531532, 1.2009664975596874, 2.1985645645645673, 0.014560422625663849, 3.4396541756643604, 2.220829091840209, 25.146704662486737, 10, 1.0000000000000002, 0.0010000000000000002, 1.2009664975596852, 473, 155, 2.1985645645645646]
1
[1000, 18639, 0.09618648487643575, 37.278, 61.02213511297552, 0.45915725584533557, 1026.421096527139, 0.986, 3, 2, 14, 2.986, 0.08937523945794891, 1000, 1.3103709768105622, 1.3115888286008865, 1.0, 1000.0000000000014, 0.0, 0.0, 20261, 17640, 0.002125463860672289, -0.030268408809987688, 9.6696131441568358, 0.03731531531531532, 1.189766921229846, 2.18738738738738, 0.014482900245087624, 3.432516875045465, 2.2172604415307484, 25.037683109645627, 14, 1.000000000000002, 0.001000000000000002, 1.1897669212298478, 473, 154, 2.1873873873873872]
1
[1000, 18639, 0.09159468679489842, 37.278, 59.97459815134891, 0.45831286659435644, 1026.4043541844203, 0.99, 3, 2, 10, 2.99, 0.08613840820866932, 1000, 1.3082847974380991, 1.3141681720724963, 1.0, 1000.000000000001, 0.0, 0.0, 19832, 17640, 0.0020714268404739035, -0.02673657403775247, 9.6752099088593262, 0.03731531531531532, 1.193843141738933, 2.191455455455465, 0.01450805938532988, 3.433516096892897, 2.21776005245447, 25.205019300168676, 10, 0.9999999999999998, 0.0009999999999999998, 1.1938431417389317, 476, 139, 2.1914554554554555]
1
[1000, 18639, 0.09314294642683446, 37.278, 60.39574275549052, 0.4589342536980879, 1026.4936063852679, 0.986, 3, 2, 14, 2.986, 0.08838846217867928, 1000, 1.312275274137117, 1.312911431288621, 1.0, 1000.0000000000014, 0.0, 0.0, 20239, 17640, 0.002123739195905738, -0.023335802213032282, 9.6743048808052219, 0.03731531531531532, 1.1908220846096584, 2.18844044044045, 0.014527777178295148, 3.433165731090728, 2.2175848695533924, 25.054555528506317, 14, 1.0, 0.001, 1.1908220846096602, 472, 150, 2.1884404404404405]
1
[1000, 18639, 0.09145915607138129, 37.278, 59.659958219601464, 0.45802156380231956, 1026.5087080511732, 0.99, 3, 2, 10, 2.99, 0.08721778780787835, 1000, 1.3091516689419929, 1.3125927000947293, 1.0, 1000.0000000000007, 0.0, 0.0, 20019, 17640, 0.00207551296333198, -0.022562166668406269, 9.6770271730239745, 0.03731531531531532, 1.1953536703035714, 2.192962962962977, 0.014529814186738875, 3.435602228751325, 2.2188031183836956, 25.165086949227486, 10, 0.9999999999999992, 0.0009999999999999992, 1.1953536703035688, 471, 128, 2.192962962962963]
1
[1000, 18639, 0.09213762193274826, 37.278, 60.00932701254463, 0.45861537314537065, 1026.4334512799976, 0.988, 3, 2, 12, 2.988, 0.08643489649961715, 1000, 1.3104540934793572, 1.3130917419040071, 1.0, 1000.000000000001, 0.0, 0.0, 19949, 17640, 0.002065062319885418, -0.027863605131895737, 9.6769974160497423, 0.03731531531531532, 1.1922583906551836, 2.189873873873897, 0.014536774291364482, 3.4329319506458775, 2.2174679793309533, 25.199256402535273, 12, 1.0000000000000013, 0.0010000000000000013, 1.1922583906551874, 480, 148, 2.1898738738738737]
1
[1000, 18639, 0.09463166134397391, 37.278, 60.66312426688144, 0.4588650139335568, 1026.4351536847134, 0.988, 3, 2, 12, 2.988, 0.08926601674102462, 1000, 1.3130797345382634, 1.3139154856542572, 1.0, 1000.0000000000009, 0.0, 0.0, 20206, 17640, 0.002118790008667638, -0.026246839402773118, 9.6708371092445695, 0.03731531531531532, 1.1911751430789481, 2.188792792792802, 0.014487608113762956, 3.4323945651881393, 2.2171992866020798, 25.034961501868253, 12, 1.0000000000000002, 0.0010000000000000002, 1.1911751430789521, 473, 157, 2.1887927927927926]
1
[1000, 18639, 0.09381459994562344, 37.278, 60.310912682761334, 0.45859298481160965, 1026.4726440332013, 0.986, 3, 2, 14, 2.986, 0.08939140339439931, 1000, 1.3112799431646198, 1.315271276585865, 1.0, 1000.000000000001, 0.0, 0.0, 20173, 17640, 0.002120437642070252, -0.022527045747063795, 9.6739103853485702, 0.03731531531531532, 1.192483064226552, 2.1900980980981006, 0.01450877708750885, 3.433756452561944, 2.217880230288991, 25.03653968041609, 14, 0.999999999999999, 0.000999999999999999, 1.1924830642265494, 478, 151, 2.190098098098098]
1
[1000, 18639, 0.09393578733677946, 37.278, 60.30992607031372, 0.4586261505337609, 1026.4895951746153, 0.989, 3, 2, 11, 2.989, 0.08902672567683424, 1000, 1.3092087626211004, 1.3148814491908714, 1.0, 1000.0000000000032, 0.0, 0.0, 19542, 17640, 0.00211592133661671, -0.025893697520601316, 9.6752551289143227, 0.03731531531531532, 1.1924870762546107, 2.1901021021020983, 0.01454162395315553, 3.4357804474929035, 2.2188922277544574, 25.051004561554937, 11, 1.0000000000000004, 0.0010000000000000005, 1.19248707625461, 478, 152, 2.1901021021021023]
1
[1000, 18639, 0.09004475489711386, 37.278, 59.049289010360916, 0.4573014313514421, 1026.4971205865838, 0.986, 3, 2, 14, 2.986, 0.08749421538185943, 1000, 1.3106145944366396, 1.3141479117956785, 1.0, 1000.0000000000011, 0.0, 0.0, 19636, 17640, 0.002074525427925158, -0.013810399090887642, 9.6819729210939602, 0.03731531531531532, 1.198800002407215, 2.1964024024024145, 0.014550956053792672, 3.4376788624472376, 2.2198414352316385, 25.107241321618798, 14, 1.0, 0.001, 1.198800002407218, 475, 152, 2.1964024024024025]
1
[1000, 18639, 0.09688898726738143, 37.278, 61.644385157421056, 0.4597491807153829, 1026.4005859861709, 0.991, 3, 2, 9, 2.991, 0.08946727226267127, 1000, 1.3101448064587926, 1.3120937191715876, 1.0, 1000.000000000001, 0.0, 0.0, 20158, 17640, 0.0021545585588119026, -0.032720835403202364, 9.6651157800853458, 0.03731531531531532, 1.186757900184752, 2.184384384384386, 0.014474316112456306, 3.4295941104368066, 2.2157990592264087, 25.024776669933395, 9, 1.0000000000000004, 0.0010000000000000005, 1.1867579001847526, 476, 138, 2.1843843843843844]
1
[1000, 18639, 0.0923120842643328, 37.278, 60.075609911983555, 0.45836292548180113, 1026.384348746461, 0.987, 3, 2, 13, 2.987, 0.08701574212479057, 1000, 1.3127085978470039, 1.315126470455124, 1.0, 1000.0000000000001, 0.0, 0.0, 19910, 17640, 0.0020774678414498785, -0.025614924522694271, 9.6746909707404551, 0.03731531531531532, 1.1936144561395041, 2.1912272272272175, 0.014500575252574274, 3.432372720332782, 2.217188364174406, 25.156234734270534, 13, 1.0000000000000009, 0.0010000000000000009, 1.1936144561395081, 474, 150, 2.1912272272272273]
1
[1000, 18639, 0.09560748413906422, 37.278, 60.69157270710388, 0.45870536276920193, 1026.4178726277325, 0.987, 3, 2, 13, 2.987, 0.08962563625417327, 1000, 1.3113197038475537, 1.313292860537505, 1.0, 1000.0000000000007, 0.0, 0.0, 19905, 17640, 0.0021236227594322327, -0.025765768439577185, 9.6710132593400608, 0.03731531531531532, 1.1918872780596246, 2.189503503503505, 0.014491804940950441, 3.434085638220934, 2.218044823118486, 25.015163989128364, 13, 0.9999999999999999, 0.0009999999999999998, 1.1918872780596244, 479, 147, 2.1895035035035035]
1
[1000, 18639, 0.09205948605895503, 37.278, 59.89356712895247, 0.4580594204951551, 1026.4126785581605, 0.988, 3, 2, 12, 2.988, 0.08790992633308306, 1000, 1.3101063338802759, 1.3135040067589046, 1.0, 1000.0000000000011, 0.0, 0.0, 19505, 17640, 0.0020875066927748542, -0.021010569076765552, 9.6757089481265108, 0.03731531531531532, 1.1949885757500978, 2.192598598598607, 0.014512293066162899, 3.4339905210230954, 2.217997264519575, 25.076924917599737, 12, 1.0000000000000002, 0.0010000000000000002, 1.1949885757500969, 473, 141, 2.1925985985985985]
1
[1000, 18639, 0.09393118272623191, 37.278, 60.442506315614, 0.458449964487083, 1026.5185103863805, 0.989, 3, 2, 11, 2.989, 0.08998462175538192, 1000, 1.3104213215845062, 1.3171734890041946, 1.0, 1000.0000000000005, 0.0, 0.0, 20055, 17640, 0.002140789759311945, -0.021210365803258528, 9.6723775744117368, 0.03731531531531532, 1.1932914878806675, 2.190904904904914, 0.014517914818600859, 3.4347499722974737, 2.2183769901567545, 24.956058836236647, 11, 0.9999999999999999, 0.0009999999999999998, 1.193291487880666, 477, 147, 2.190904904904905]
1
[1000, 18639, 0.09283832879863463, 37.278, 59.98384574616021, 0.45814639373305466, 1026.4654271896763, 0.987, 3, 2, 13, 2.987, 0.08885878630422256, 1000, 1.3081350117883717, 1.312991090969859, 1.0, 1000.0000000000011, 0.0, 0.0, 19768, 17640, 0.0021158900381840796, -0.019330544182387839, 9.6745101085972021, 0.03731531531531532, 1.1947177638560416, 2.1923283283283306, 0.014511768887980742, 3.4357187101625044, 2.218861359089262, 25.047346884631537, 13, 0.9999999999999991, 0.0009999999999999992, 1.1947177638560422, 469, 141, 2.1923283283283284]
