1
[800, 5551, 0.0618939045114544, 13.8775, 27.564653774782418, 0.37501870835267065, 855.3044765732558, 0.78125, 4, 3, 175, 3.78125, 0.05070166539859667, 800, 1.4980265948158478, 1.5017252327878103, 1.0, 800.0000000000014, 0.0, 0.0, 4424, 4752, 0.0026368896348857723, -0.047301175379498205, 9.2676464967744963, 0.017368585732165206, 1.6848755179563433, 2.6806633291614523, 0.006195915756269968, 4.290912543696849, 2.6467094046805064, 20.326534951862158, 175, 0.9999999999999994, 0.0012499999999999994, 1.6848755179563408, 348, 227, 2.680663329161452]
1
[800, 5551, 0.056905135634855324, 13.8775, 26.19366566626984, 0.37325016453729937, 855.6339445208749, 0.82875, 4, 3, 137, 3.82875, 0.04951780825960879, 800, 1.4950230151349724, 1.5036164154132183, 1.0, 799.9999999999995, 0.0, 0.0, 4416, 4752, 0.002508992611695006, -0.035609292421769356, 9.2836175523398534, 0.017368585732165206, 1.6968359572272367, 2.692593867334165, 0.006226204272063326, 4.303062972446398, 2.6527846190552813, 20.453603804592838, 137, 1.0000000000000002, 0.0012500000000000002, 1.6968359572272385, 354, 215, 2.6925938673341676]
1
[800, 5551, 0.05775842771529537, 13.8775, 26.62116505203739, 0.3738683566962211, 855.106965744267, 0.81375, 4, 3, 149, 3.81375, 0.049750590706222106, 800, 1.5005864591560367, 1.5008705450747735, 1.0, 800.0000000000003, 0.0, 0.0, 4470, 4752, 0.0025207168664486673, -0.041436532610254692, 9.2762966286651167, 0.017368585732165206, 1.692297075605157, 2.6880663329161436, 0.0061952906695310825, 4.291043700933233, 2.646774983298692, 20.516935763908855, 149, 1.0000000000000004, 0.0012500000000000005, 1.6922970756051585, 347, 220, 2.6880663329161454]
1
[800, 5551, 0.0606801833135926, 13.8775, 27.0538129086601, 0.37444865515844716, 855.7045040134146, 0.8275, 4, 3, 138, 3.8275, 0.05192139084318799, 800, 1.4987561067085022, 1.5020527585564394, 1.0, 800.0000000000028, 0.0, 0.0, 4416, 4752, 0.002653425673023653, -0.038786260060752316, 9.2734880711120802, 0.017368585732165206, 1.688714903654631, 2.684493116395489, 0.006220995215586419, 4.296275482187352, 2.6493908739257614, 20.270732332658756, 138, 0.9999999999999999, 0.0012499999999999998, 1.6887149036546298, 354, 218, 2.6844931163954944]
1
[800, 5551, 0.06164270557963362, 13.8775, 27.33768747602674, 0.37506730554417034, 855.2824483484733, 0.79625, 4, 3, 163, 3.79625, 0.04841546778022481, 800, 1.495801808342604, 1.4973609535017516, 1.0, 800.0000000000006, 0.0, 0.0, 4415, 4752, 0.0025352344396149767, -0.057943041013622382, 9.271843200990963, 0.017368585732165206, 1.6837368766095457, 2.6795275344180243, 0.006214386403062121, 4.287257216856101, 2.6448817412601273, 20.81904122983495, 163, 0.9999999999999981, 0.0012499999999999976, 1.6837368766095444, 352, 212, 2.6795275344180225]
1
[800, 5551, 0.05892142083318559, 13.8775, 26.864886615156024, 0.3742575314635906, 855.3940456335351, 0.8075, 4, 3, 154, 3.8075, 0.05005376305287542, 800, 1.4971813671068153, 1.5107061516647193, 1.0, 800.0000000000008, 0.0, 0.0, 4429, 4752, 0.002596942145996061, -0.041096281968421508, 9.2750701253866232, 0.017368585732165206, 1.6895649637234522, 2.6853410513141376, 0.006210417473132061, 4.2939268853601105, 2.6482165755121283, 20.489603545326283, 154, 1.0000000000000009, 0.0012500000000000011, 1.6895649637234504, 345, 219, 2.6853410513141425]
1
[800, 5551, 0.05868231155394401, 13.8775, 27.501386658565988, 0.37514068048234334, 855.2928999743215, 0.785, 4, 3, 172, 3.785, 0.048317466168558205, 800, 1.4961304651198861, 1.5047527263051408, 1.0, 800.0000000000016, 0.0, 0.0, 4440, 4752, 0.002596361474339517, -0.054687084281871461, 9.2687034815894229, 0.017368585732165206, 1.6834420218255275, 2.6792334167709613, 0.006197683149767952, 4.281800943117807, 2.6421536043909932, 20.545450301913494, 172, 1.0000000000000007, 0.001250000000000001, 1.6834420218255246, 356, 210, 2.6792334167709635]
1
[800, 5551, 0.05844802795735388, 13.8775, 27.70989912728139, 0.37551594369488384, 855.4202120251595, 0.7825, 4, 3, 174, 3.7825, 0.04729130600008445, 800, 1.5023197861361983, 1.505047570349289, 1.0, 800.0000000000002, 0.0, 0.0, 4420, 4752, 0.002608121467492054, -0.055412753287385687, 9.2683702035090842, 0.017368585732165206, 1.6811333716017165, 2.6769305381727104, 0.006206405180275796, 4.285255662711638, 2.6438809641879013, 20.644251375203, 174, 1.0, 0.00125, 1.6811333716017187, 355, 215, 2.6769305381727158]
1
[800, 5551, 0.05783622603897009, 13.8775, 25.846042443429578, 0.3729122011083015, 855.4303860596686, 0.8175, 4, 3, 146, 3.8175, 0.04732415959597478, 800, 1.4967532848330416, 1.5012848597487056, 1.0, 800.0000000000005, 0.0, 0.0, 4396, 4752, 0.0024165723448801657, -0.043111422567052728, 9.2892193445085525, 0.017368585732165206, 1.6987681970884658, 2.6945212765957294, 0.006234698048781919, 4.302955981038349, 2.6527311233512703, 20.85860983614433, 146, 1.000000000000001, 0.0012500000000000013, 1.6987681970884654, 354, 226, 2.6945212765957445]
1
[800, 5551, 0.053005861774237245, 13.8775, 25.84987972653005, 0.3728382926284361, 855.40871695809, 0.8475, 4, 3, 122, 3.8475, 0.04602611154563504, 800, 1.4977382276078586, 1.5039747704445927, 1.0, 800.0000000000014, 0.0, 0.0, 4424, 4752, 0.0024012822949164474, -0.045563372181324537, 9.2868030721651635, 0.017368585732165206, 1.6993139921142002, 2.6950657071339115, 0.006221398339136049, 4.298930225195644, 2.6507182454298954, 20.837306467887483, 122, 1.0000000000000007, 0.001250000000000001, 1.6993139921142029, 348, 230, 2.6950657071339172]
