2
[1000, 4962, 0.010367660518464801, 9.924, 10.993289268458591, 0.3070535039709018, 1100.9121395263378, 0.017, 6, 4, 95, 4.922, 0.010231056401977601, 1000, 1.592046502861343, 1.5971385008834618, 1.0, 1000.0000000000007, 0.0, 0.0, 4650, 3963, 0.0010183837009707533, -0.019182393589437144, 9.8870026731769052, 0.009933933933933934, 2.2701820056529467, 3.2656416416416407, 0.003993066348347568, 5.27930865443057, 3.1406563312233016, 29.62921491627271, 95, 1.0000000000000009, 0.0010000000000000009, 2.270182005652947, 469, 236, 3.2656416416416416]
2
[1000, 5005, 0.010792671389498016, 10.01, 10.922138809530678, 0.3076368285429146, 1100.0550662215346, 0.641, 5, 4, 359, 4.641, 0.01068002172207808, 1000, 1.5897901053764791, 1.5968323041020511, 1.0, 1000.0000000000017, 0.0, 0.0, 4677, 4006, 0.0010091116341522399, 0.012301770168480653, 9.8980383533157017, 0.01002002002002002, 2.262460857651238, 3.257935935935921, 0.004121635670456608, 5.271423052983493, 3.136713530499744, 29.77600044351589, 359, 1.0000000000000007, 0.0010000000000000007, 2.262460857651238, 467, 241, 3.257935935935936]
2
[1000, 5033, 0.010213673392311173, 10.066, 11.075071152457811, 0.3087387330657911, 1099.2573691131245, 0.602, 5, 4, 398, 4.602, 0.009944555158737989, 1000, 1.5877945379861247, 1.5906972941178406, 1.0, 1000.0000000000017, 0.0, 0.0, 4714, 4034, 0.0010587497451366222, -0.00023273004650847286, 9.8937536330742795, 0.010076076076076076, 2.2508781326416596, 3.2463763763763804, 0.004129985594898327, 5.2538768339317725, 3.1279404209739017, 29.735866110190905, 398, 1.0000000000000009, 0.0010000000000000009, 2.2508781326416623, 462, 236, 3.2463763763763764]
2
[1000, 4986, 0.009640647458836318, 9.972, 10.895206448655392, 0.3074232031504935, 1100.3931305367494, 0.679, 5, 4, 321, 4.679, 0.010388611004232396, 1000, 1.5917205766745874, 1.5953194059208233, 1.0, 1000.0000000000014, 0.0, 0.0, 4671, 3987, 0.0010015345265358298, 0.0080368464690057147, 9.8969935033534391, 0.009981981981981983, 2.2646754971404257, 3.2601461461461314, 0.00409345333704585, 5.273681973294864, 3.137842990655442, 29.80400681713432, 321, 1.0, 0.001, 2.2646754971404266, 467, 234, 3.260146146146146]
2
[1000, 5076, 0.010325558437090949, 10.152, 11.082535201992703, 0.30936211107841083, 1098.3699755049724, 0.678, 5, 4, 322, 4.678, 0.010096859407103023, 1000, 1.5836607864616539, 1.596717746068531, 1.0, 1000.000000000001, 0.0, 0.0, 4764, 4077, 0.0010304159078911859, -0.018400829169004023, 9.8983685592005024, 0.010162162162162163, 2.2441238834024406, 3.239635635635639, 0.00417515196988924, 5.238555212143876, 3.120279610079952, 29.978516805274342, 322, 0.9999999999999993, 0.0009999999999999994, 2.2441238834024433, 473, 232, 3.2396356356356355]
2
[1000, 4914, 0.010275296529721766, 9.828, 10.854751520761653, 0.30613724517722335, 1101.7947449349722, 0.006, 6, 4, 190, 4.816, 0.010285006195786865, 1000, 1.5970098090630411, 1.600121632772802, 1.0, 1000.0000000000015, 0.0, 0.0, 4614, 3915, 0.0009683280169540444, -0.0054113875327903953, 9.8903841728331781, 0.009837837837837838, 2.279104756058668, 3.274546546546541, 0.003995741541910317, 5.299171893430713, 3.150587950723386, 29.57573281281459, 190, 0.9999999999999986, 0.0009999999999999985, 2.2791047560586644, 464, 241, 3.2745465465465466]
2
[1000, 4993, 0.00966005648977785, 9.986, 10.939576823331466, 0.30730873063609554, 1098.8305060819825, 'ND', 'ND', 'ND', 'ND', 'ND', 0.009485258579023683, 1000, 1.5901157466287272, 1.5946256752988295, 0.999, 999.0000000000016, 0.001, 0.0, 4694, 3995, 0.0009544256158490695, 0.00047474854009473558, 'ND', 0.009995995995995996, 2.254962377206866, 3.248452452452446, 'ND', 'ND', 'ND', 29.805575237261678, 'ND', 0.9999999999999999, 0.0009999999999999998, 2.254962377206868, 464, 224, 'ND']
2
[1000, 4797, 0.00935274880777977, 9.594, 10.579661135720995, 0.30291152394863075, 1104.1914136705382, 0.003, 6, 4, 184, 4.819, 0.00933786078098472, 1000, 1.6006050833375318, 1.6062947289515561, 1.0, 1000.0, 0.0, 0.0, 4528, 3798, 0.001033289771696983, 0.0029326597873678526, 9.8897864943158762, 0.009603603603603603, 2.3143103022862532, 3.3096816816816763, 0.003878506570354731, 5.358897319033383, 3.180450663524707, 29.573869373283536, 184, 0.9999999999999994, 0.0009999999999999994, 2.314310302286257, 457, 241, 3.3096816816816816]
2
[1000, 5076, 0.010489059435576464, 10.152, 11.045542175991372, 0.3092740489363761, 1098.5307629954877, 0.649, 5, 4, 351, 4.649, 0.01041013174404015, 1000, 1.5863584126695114, 1.5899661939857528, 1.0, 1000.000000000001, 0.0, 0.0, 4744, 4077, 0.0009754651255612495, 0.0029140834783612994, 9.9011800356289612, 0.010162162162162163, 2.2447958981025136, 3.2403063063063025, 0.0041982404831039525, 5.241467948175541, 3.1217359780957787, 29.892731432065084, 351, 0.9999999999999991, 0.0009999999999999992, 2.2447958981025113, 462, 245, 3.2403063063063064]
2
[1000, 4977, 0.009282426783742576, 9.954, 10.894533518128767, 0.3071189197810743, 1100.5115296407203, 0.002, 6, 4, 292, 4.71, 0.009565393988627132, 1000, 1.5913994957016317, 1.5974833676585911, 1.0, 1000.0, 0.0, 0.0, 4684, 3978, 0.0010563835326538144, -0.001142739811843873, 9.8971683142352891, 0.009963963963963963, 2.2677808068589616, 3.263245245245249, 0.004094139206223025, 5.281222232391888, 3.1416131202039552, 29.806740201063946, 292, 1.0000000000000009, 0.0010000000000000009, 2.267780806858967, 462, 240, 3.2632452452452454]
2
[1000, 4957, 0.010581192371440052, 9.914, 10.90120594623815, 0.3065183599318018, 1100.7430001526002, 0.705, 5, 4, 295, 4.705, 0.010215941763014621, 1000, 1.5912923428838341, 1.5935802313944758, 1.0, 1000.000000000002, 0.0, 0.0, 4646, 3958, 0.0010609741743983837, -0.0074604768980353333, 9.8925330562790919, 0.009923923923923925, 2.2747757777817914, 3.270226226226232, 0.004040327877107689, 5.291055779264265, 3.1465298936401527, 29.75817270955366, 295, 1.0000000000000004, 0.0010000000000000005, 2.274775777781789, 463, 234, 3.2702262262262263]
2
[1000, 4855, 0.009719489265464502, 9.71, 10.707895180924158, 0.3045477401169454, 1103.0496812584051, 0.715, 5, 4, 285, 4.715, 0.00954765339896461, 1000, 1.5966659540881063, 1.6051665482188304, 1.0, 1000.0000000000003, 0.0, 0.0, 4575, 3856, 0.00102996917324672, -0.0057973958333634775, 9.8911454169193487, 0.00971971971971972, 2.2959231776867033, 3.29133133133133, 0.003953346889694514, 5.329260551104862, 3.1656322795604446, 29.62326052332704, 285, 1.0000000000000013, 0.0010000000000000013, 2.2959231776867073, 464, 235, 3.2913313313313313]
2
[1000, 5073, 0.010781104267249778, 10.146, 11.107006237506043, 0.3093688164932974, 1098.5883057119252, 0.005, 6, 4, 289, 4.716, 0.011105698977106674, 1000, 1.5914048947354835, 1.5931659219007759, 1.0, 1000.0000000000018, 0.0, 0.0, 4722, 4074, 0.0010592060209951033, 0.016691284443203218, 9.8955159846791148, 0.010156156156156157, 2.2446193688678653, 3.2401301301301273, 0.004152747584817627, 5.240890307906415, 3.121447157961232, 29.685602732320646, 289, 0.9999999999999999, 0.0009999999999999998, 2.2446193688678684, 463, 228, 3.24013013013013]
2
[1000, 4993, 0.009743454679135791, 9.986, 10.878677013487888, 0.30748306863518937, 1100.0789463712674, 0.618, 5, 4, 382, 4.618, 0.009375380494338245, 1000, 1.5864638463648968, 1.5915588680045332, 1.0, 1000.0000000000007, 0.0, 0.0, 4701, 3994, 0.0010176301837779638, -0.014992294093250397, 9.9013182649620894, 0.009995995995995996, 2.263409702287457, 3.2588828828828786, 0.004132936363810175, 5.274206702926414, 3.1381053554712275, 29.948831133009314, 382, 0.999999999999999, 0.000999999999999999, 2.263409702287454, 473, 227, 3.258882882882883]
2
[1000, 4992, 0.010244789068860286, 9.984, 11.001440500267714, 0.3078030395766021, 1100.054010020373, 0.7, 5, 4, 300, 4.7, 0.010460921843687375, 1000, 1.5875766015076949, 1.5940720537610282, 1.0, 1000.0000000000008, 0.0, 0.0, 4673, 3993, 0.001012032076312152, -0.0036004583724223221, 9.890525617534129, 0.009993993993993994, 2.261417730355608, 3.256894894894885, 0.0040512955880666075, 5.266265098474104, 3.1341345532450675, 29.709178189310055, 300, 0.9999999999999999, 0.0009999999999999998, 2.261417730355614, 464, 246, 3.256894894894895]
2
[1000, 5039, 0.010428490503304756, 10.078, 11.068797058938648, 0.30872622860892696, 1099.3689555066953, 0.002, 6, 4, 265, 4.737, 0.010513880685174247, 1000, 1.585884949380089, 1.5884602666047831, 1.0, 1000.0000000000016, 0.0, 0.0, 4712, 4040, 0.001012413693744785, 0.0055230049455007538, 9.8930582672821465, 0.010088088088088087, 2.2515421232856094, 3.247039039039038, 0.004115287760536456, 5.252579610955894, 3.1272918094859756, 29.678148279123633, 265, 1.0000000000000002, 0.0010000000000000002, 2.2515421232856068, 468, 227, 3.247039039039039]
2
[1000, 5017, 0.010007639049976523, 10.034, 10.981057698785554, 0.3081116621815451, 1099.7732646573609, 0.004, 6, 4, 197, 4.807, 0.010067516279813032, 1000, 1.5935092899037513, 1.601938961554685, 1.0, 1000.0000000000024, 0.0, 0.0, 4699, 4018, 0.001141168734343183, -0.012111687630782127, 9.8963090825989362, 0.010044044044044045, 2.257909211817025, 3.253393393393386, 0.004103327287573916, 5.26149068342088, 3.1317473457184626, 29.82780344845983, 197, 0.9999999999999993, 0.0009999999999999994, 2.2579092118170245, 466, 230, 3.2533933933933934]
2
[1000, 4882, 0.00941264501752118, 9.764, 10.774214527350018, 0.30514386422174344, 1102.68081236149, 0.002, 6, 4, 234, 4.768, 0.009406944415410665, 1000, 1.6001091608069526, 1.604705203861115, 1.0, 1000.0000000000017, 0.0, 0.0, 4609, 3883, 0.0010184533999996628, 0.023725561945876494, 9.8889674109868082, 0.009773773773773774, 2.2901197790977355, 3.2855395395395437, 0.003960550051108193, 5.3183430683617425, 3.1601735381888885, 29.4301330584999, 234, 1.0000000000000013, 0.0010000000000000013, 2.2901197790977372, 464, 247, 3.2855395395395397]
2
[1000, 5146, 0.010486169308847326, 10.292, 11.347547996452274, 0.3111579570759088, 1096.8529528317165, 0.509, 5, 4, 491, 4.509, 0.01129029223039723, 1000, 1.5864754019962648, 1.589402282189175, 1.0, 1000.000000000002, 0.0, 0.0, 4786, 4147, 0.0010849987534279106, -0.0097915173644519283, 9.8919989624673317, 0.010302302302302302, 2.2257648429993147, 3.221313313313317, 0.004221426231460229, 5.209608446189325, 3.105806227102677, 29.64660974337581, 491, 1.0000000000000002, 0.0010000000000000002, 2.225764842999309, 471, 247, 3.2213133133133134]
2
[1000, 5032, 0.009816493688629907, 10.064, 11.061877178411551, 0.3084241765675673, 1099.3523083007044, 0.002, 6, 4, 208, 4.794, 0.010246994017650892, 1000, 1.5871422320700157, 1.589942147826556, 1.0, 1000.0000000000018, 0.0, 0.0, 4716, 4033, 0.00101779920287149, 0.005940337694731606, 9.8913268462962911, 0.010074074074074074, 2.2550546538522505, 3.2505445445445416, 0.004076330154902969, 5.254285224948662, 3.128144616482347, 29.732562958226428, 208, 0.9999999999999988, 0.0009999999999999987, 2.25505465385225, 471, 234, 3.2505445445445447]
