2
[1500, 22478, 0.01990874747932031, 29.970666666666666, 31.010713009320835, 0.39735411790085945, 1550.0371301461005, 0.009333333333333334, 4, 3, 1486, 3.009333333333333, 0.019959490878033736, 1500, 1.35079420862725, 1.3523457654011408, 1.0, 1500.0000000000048, 0.0, 0.0, 16787, 20979, 0.000699754250391838, -0.0074592446686438819, 10.525859826342218, 0.019993773626862353, 1.5204065727841731, 2.518379364020461, 0.009410010159999996, 3.896486254245792, 2.448910683865225, 38.02429397482453, 1486, 0.9999999999999994, 0.0006666666666666663, 1.520406572784173, 733, 174, 2.518379364020458]
2
[1500, 22390, 0.019793414561073253, 29.85333333333333, 30.8248999384219, 0.39693953261517123, 1550.2410681510955, 0.012666666666666666, 4, 3, 1481, 3.0126666666666666, 0.01973766975983514, 1500, 1.3521328589064638, 1.3526652696426773, 1.0, 1500.0000000000016, 0.0, 0.0, 16791, 20891, 0.0006948469557644154, -0.0037997162365432666, 10.527108367725301, 0.019915499221703357, 1.5229699194211368, 2.5209392928618892, 0.009380676356973722, 3.899273043373571, 2.4503040784291126, 38.05872150690116, 1481, 0.9999999999999983, 0.0006666666666666656, 1.5229699194211357, 733, 167, 2.520939292861908]
2
[1500, 22377, 0.020051286249336962, 29.836, 30.842062535947903, 0.39686215344750636, 1550.260315203519, 0.005333333333333333, 4, 3, 1492, 3.005333333333333, 0.019903411457007015, 1500, 1.352739729900447, 1.354851414518333, 1.0, 1499.9999999999995, 0.0, 0.0, 16736, 20878, 0.0006971494034652464, -0.0098891112429628468, 10.526611804160572, 0.01990393595730487, 1.5234731476525067, 2.52144185012231, 0.009374041854457586, 3.900863341267638, 2.4510992273761523, 38.04677195427686, 1492, 0.9999999999999991, 0.0006666666666666661, 1.5234731476525074, 728, 174, 2.521441850122304]
2
[1500, 22623, 0.020088649224486346, 30.164, 31.116474979860634, 0.39803382919564456, 1549.738498635094, 0.016, 4, 3, 1476, 3.016, 0.020098415461177552, 1500, 1.351854301789753, 1.3530184237724825, 1.0, 1500.0000000000036, 0.0, 0.0, 16859, 21124, 0.0006948687116164156, -5.6013190614042935e-05, 10.527630447301256, 0.020122748498999334, 1.516044073886372, 2.5140226817878615, 0.009487120083943165, 3.8879204934743985, 2.4446278034795195, 38.07153405648149, 1476, 0.9999999999999998, 0.0006666666666666665, 1.516044073886374, 732, 168, 2.5140226817878584]
2
[1500, 22523, 0.020359272791998704, 30.030666666666665, 30.992249099065273, 0.39761020205600806, 1549.9567357630817, 0.006666666666666667, 4, 3, 1490, 3.006666666666667, 0.020272070578483035, 1500, 1.3526624794612758, 1.3547516735962046, 1.0, 1500.0000000000018, 0.0, 0.0, 16758, 21024, 0.0006920987209626281, -0.00051188666768449116, 10.527578136852771, 0.020033800311318656, 1.5187178635334122, 2.516692906382035, 0.009446840567414912, 3.8920389347243685, 2.446687024104509, 38.06448944686874, 1490, 1.0000000000000009, 0.0006666666666666673, 1.5187178635334082, 736, 176, 2.5166929063820325]
2
[1500, 22535, 0.02039946477599146, 30.046666666666667, 31.035177312957366, 0.39767143453971704, 1549.9202707364898, 0.009333333333333334, 4, 3, 1486, 3.009333333333333, 0.02029249322549283, 1500, 1.3510006369592242, 1.3523899958512766, 1.0, 1500.0000000000011, 0.0, 0.0, 16792, 21036, 0.0006930194374605125, -0.0028722604055155939, 10.527028183176288, 0.020044474093840338, 1.51835892375068, 2.5163344451856635, 0.009446803701884257, 3.891900070553802, 2.4466175920192303, 38.05157296087588, 1486, 0.9999999999999994, 0.0006666666666666663, 1.518358923750681, 737, 170, 2.5163344451856795]
2
[1500, 22435, 0.020107807513563673, 29.913333333333334, 30.89667248360978, 0.3971377740984479, 1550.14612144428, 0.012, 4, 3, 1482, 3.012, 0.0200739204527665, 1500, 1.348714790244263, 1.3513018367741134, 1.0, 1500.0000000000048, 0.0, 0.0, 16787, 20936, 0.0006955151807035812, -0.0010551848808423732, 10.526996330746458, 0.019955525906159663, 1.5217247635495326, 2.519695797198126, 0.009402583316012363, 3.8976269426213537, 2.449481028053008, 38.05015363385546, 1482, 0.9999999999999992, 0.0006666666666666661, 1.5217247635495301, 733, 168, 2.519695797198132]
2
[1500, 22262, 0.019875152535790478, 29.682666666666666, 30.661277145689922, 0.39621259905230377, 1550.5471983888783, 0.013333333333333334, 4, 3, 1480, 3.013333333333333, 0.019976501795674634, 1500, 1.3531688669986064, 1.3551970270646077, 1.0, 1500.0000000000007, 0.0, 0.0, 16727, 20763, 0.0006999041783216334, 0.0059657561622701106, 10.52662645914387, 0.019801645541472093, 1.5276254485633927, 2.525588614631967, 0.009320819353531915, 3.9079815852648263, 2.454658349374716, 38.03344283991357, 1480, 0.9999999999999982, 0.0006666666666666655, 1.5276254485633944, 733, 165, 2.525588614631977]
2
[1500, 22233, 0.01973288158324415, 29.644, 30.649166853092673, 0.39619319432758116, 1550.6065029472093, 0.012, 4, 3, 1482, 3.012, 0.01970741473847064, 1500, 1.35154202028912, 1.3540045894664297, 1.0, 1500.0000000000048, 0.0, 0.0, 16710, 20734, 0.0006966548939882255, 0.0056975231674834155, 10.526060913177155, 0.019775850567044697, 1.527793785086806, 2.525756726706693, 0.00930360615601539, 3.908395438132264, 2.454865275808457, 38.01183413129172, 1482, 0.9999999999999992, 0.0006666666666666661, 1.527793785086808, 736, 168, 2.5257567267066934]
2
[1500, 22530, 0.019935292985795387, 30.04, 30.974120228857586, 0.39745325720817193, 1549.9267259258247, 0.0026666666666666666, 4, 3, 1496, 3.002666666666667, 0.01994354733612141, 1500, 1.3525245459952946, 1.354381796138655, 1.0, 1500.0000000000023, 0.0, 0.0, 16887, 21031, 0.0007007186472672183, -0.0010506778312596753, 10.528399368856427, 0.020040026684456303, 1.5196352530525477, 2.5176090727151226, 0.009460430539836834, 3.8945185292796807, 2.4479268213821626, 38.083080120712474, 1496, 0.9999999999999989, 0.0006666666666666659, 1.5196352530525454, 733, 165, 2.5176090727151434]
2
[1500, 22163, 0.019611098240298212, 29.550666666666668, 30.52599093072592, 0.39574900877696695, 1550.785059461498, 0.006666666666666667, 4, 3, 1490, 3.006666666666667, 0.01963536718365751, 1500, 1.3554494182498205, 1.3596383093722797, 1.0, 1500.0000000000032, 0.0, 0.0, 16665, 20664, 0.0007016995786394123, 0.012750928760857832, 10.526551126295104, 0.019713586835668224, 1.53059939381038, 2.528558594618648, 0.009280077054695541, 3.9136385159915554, 2.4574868147381097, 38.0146447487994, 1490, 1.0000000000000004, 0.000666666666666667, 1.5305993938103841, 735, 170, 2.5285585946186346]
2
[1500, 22424, 0.019819243506858417, 29.898666666666667, 30.859323117070065, 0.39701494106878915, 1550.159747150112, 0.004, 4, 3, 1494, 3.004, 0.01980229077416695, 1500, 1.3510294345160088, 1.3527975098431873, 1.0, 1500.0000000000039, 0.0, 0.0, 16834, 20925, 0.0006978535924039222, -0.0026388169655916366, 10.527570295369124, 0.019945741605514787, 1.5224666911897622, 2.520436735601517, 0.009402975392639465, 3.8989417034440135, 2.450138408464339, 38.06973702767628, 1494, 0.9999999999999984, 0.0006666666666666657, 1.5224666911897626, 731, 173, 2.5204367356015123]
2
[1500, 22622, 0.020151890307377948, 30.162666666666667, 31.167987576012695, 0.3980489596184458, 1549.7065586479, 0.008666666666666666, 4, 3, 1487, 3.0086666666666666, 0.020041810579894563, 1500, 1.3507212038516339, 1.353563407550541, 1.0, 1500.0000000000036, 0.0, 0.0, 16885, 21123, 0.0006954311655442007, -0.015056273257987906, 10.526853736792047, 0.020121859017122525, 1.5159567882816398, 2.513935512563936, 0.009480336209458033, 3.8879138065784593, 2.4446244600315676, 38.06566712820183, 1487, 0.9999999999999984, 0.0006666666666666657, 1.5159567882816394, 737, 167, 2.5139355125639313]
2
[1500, 22144, 0.019447478526244434, 29.525333333333332, 30.40276785878795, 0.39566076465851036, 1550.823491101718, 0.013333333333333334, 4, 3, 1480, 3.013333333333333, 0.0194554560333101, 1500, 1.3541315365054214, 1.3548996022253021, 1.0, 1500.000000000002, 0.0, 0.0, 16637, 20645, 0.0006927539284988359, 0.011659723547929341, 10.52897169313243, 0.019696686680008894, 1.5310055390732171, 2.528964198354468, 0.009295547917626473, 3.9120699378799006, 2.4567025256822617, 38.08439441753717, 1480, 0.9999999999999996, 0.0006666666666666663, 1.5310055390732231, 735, 170, 2.5289641983544584]
2
[1500, 22487, 0.020113645196263217, 29.982666666666667, 30.998211146610306, 0.3973793993346364, 1550.016156560249, 0.006666666666666667, 4, 3, 1490, 3.006666666666667, 0.02012309307301219, 1500, 1.3508294334070299, 1.353094235920023, 1.0, 1500.0000000000025, 0.0, 0.0, 16806, 20988, 0.0006980512806646494, -0.0026850719341862924, 10.526248802285538, 0.020001778963753613, 1.5202373455913223, 2.518210362463855, 0.009415060348291574, 3.8956910880457647, 2.448513100765194, 38.03247108902019, 1490, 0.9999999999999999, 0.0006666666666666666, 1.5202373455913194, 734, 179, 2.518210362463865]
2
[1500, 22693, 0.02020823979179146, 30.25733333333333, 31.20810174478339, 0.3984349300229686, 1549.5801613073425, 0.008666666666666666, 4, 3, 1487, 3.0086666666666666, 0.020163860539132387, 1500, 1.34952035506076, 1.3517047678773664, 1.0, 1500.0000000000034, 0.0, 0.0, 16859, 21194, 0.0006912210980962093, 0.0029094874676988077, 10.527822409919539, 0.020185012230375807, 1.5135127913491078, 2.511494774293977, 0.009521127308784105, 3.8832737769575707, 2.4423044452210947, 38.07082467172521, 1487, 0.9999999999999996, 0.0006666666666666663, 1.5135127913491064, 731, 167, 2.5114947742939737]
2
[1500, 22547, 0.020499519887124437, 30.062666666666665, 31.06768719494904, 0.39773347352470206, 1549.8859253302346, 0.014666666666666666, 4, 3, 1478, 3.014666666666667, 0.020450561578913198, 1500, 1.3519830532487749, 1.3544335915630141, 1.0, 1500.0000000000032, 0.0, 0.0, 16712, 21048, 0.0006929607126713821, -0.011778503500608183, 10.526536680298131, 0.02005514787636202, 1.5179848425875364, 2.5159608627974395, 0.009441639901618781, 3.891774266073626, 2.4465546897791253, 38.05651327699386, 1478, 0.9999999999999977, 0.0006666666666666651, 1.5179848425875373, 734, 164, 2.5159608627974204]
2
[1500, 22521, 0.019824467211836363, 30.028, 31.063332760117515, 0.39768495423466915, 1549.9662786653146, 0.006666666666666667, 4, 3, 1490, 3.006666666666667, 0.019885856042763377, 1500, 1.3500674176200458, 1.3542407059163684, 1.0, 1500.0000000000061, 0.0, 0.0, 16890, 21022, 0.0006934954419623429, 0.0064829723074049106, 10.525656187860891, 0.020032021347565043, 1.5183802998171472, 2.5163557927507143, 0.00942559112786996, 3.891992917075446, 2.446664015280039, 37.999738014443345, 1490, 1.0000000000000007, 0.0006666666666666671, 1.5183802998171452, 729, 170, 2.5163557927507227]
2
[1500, 22611, 0.019732709151576364, 30.148, 31.131622745453818, 0.39803011064223565, 1549.7574794700358, 0.01, 4, 3, 1485, 3.01, 0.019730961449549767, 1500, 1.3510842126502547, 1.3528623259274943, 1.0, 1500.0000000000023, 0.0, 0.0, 16955, 21112, 0.0006949192716110996, -0.00083134235294433001, 10.527184146090098, 0.020112074716477652, 1.5160903886970492, 2.514068934845463, 0.009481808602126272, 3.8880353484976875, 2.4446852309911473, 38.04909872628267, 1485, 1.0000000000000013, 0.0006666666666666675, 1.5160903886970503, 730, 171, 2.5140689348454526]
2
[1500, 22519, 0.019623258166768066, 30.025333333333332, 30.923006185298913, 0.3974938342877448, 1549.960113415913, 0.007333333333333333, 4, 3, 1489, 3.0073333333333334, 0.019571150213178325, 1500, 1.3507829388110268, 1.3549413463959166, 1.0, 1500.0000000000032, 0.0, 0.0, 16907, 21020, 0.0006922109623146809, -0.00052671477905679484, 10.529202159524511, 0.02003024238381143, 1.5193368787914687, 2.5173110962864174, 0.009464138567287714, 3.8923019304907225, 2.4468185219876846, 38.10626460965051, 1489, 1.0, 0.0006666666666666666, 1.5193368787914676, 732, 168, 2.5173110962864134]
