2
[1200, 10753, 0.015409838600434801, 17.921666666666667, 18.945188214332042, 0.3630136791688909, 1266.9042086533616, 0.9891666666666666, 4, 3, 13, 3.9891666666666667, 0.015508417892493635, 1200, 1.4470000998469736, 1.4539435828208582, 1.0, 1200.0000000000023, 0.0, 0.0, 9146, 9554, 0.0008699365373385938, -0.0065604088232946211, 10.187674591463317, 0.014947178204058938, 1.7595060435727605, 2.756573533500141, 0.006728463685777622, 4.407084852136891, 2.7043771506093246, 33.561428791844136, 13, 0.9999999999999997, 0.0008333333333333331, 1.7595060435727596, 586, 207, 2.756573533500139]
2
[1200, 10842, 0.015094986394189916, 18.07, 19.05421267662478, 0.36373369585757803, 1266.364455087831, 0.9883333333333333, 4, 3, 14, 3.9883333333333333, 0.014951770954204132, 1200, 1.4481010866952122, 1.4491649665643187, 1.0, 1200.0000000000016, 0.0, 0.0, 9257, 9643, 0.0008668157269286945, -0.0090248960111507411, 10.189677252772078, 0.015070892410341952, 1.7539003705090896, 2.7509772032249122, 0.00680574168938922, 4.393750203041754, 2.6977098260617702, 33.628675711524295, 14, 1.0000000000000002, 0.0008333333333333335, 1.7539003705090899, 574, 192, 2.7509772032249096]
2
[1200, 10759, 0.014563010111209484, 17.93166666666667, 18.95956293510228, 0.36310757632177904, 1266.9238059140332, 0.9883333333333333, 4, 3, 14, 3.9883333333333333, 0.014436062214771351, 1200, 1.4513175051969984, 1.4579094035217037, 1.0, 1200.000000000002, 0.0, 0.0, 9220, 9560, 0.0008666225002140145, 0.0044141123695354851, 10.186927403628303, 0.014955518487628579, 1.7589101101223727, 2.755978593272173, 0.006724816672114742, 4.402751345762951, 2.702210397422368, 33.51056730514437, 14, 1.0000000000000007, 0.0008333333333333339, 1.7589101101223759, 572, 197, 2.755978593272171]
2
[1200, 10850, 0.014770082750906102, 18.083333333333332, 19.068426566304755, 0.3637969390412626, 1266.3522977255752, 0.9858333333333333, 4, 3, 17, 3.9858333333333333, 0.014553894812018568, 1200, 1.446002338744827, 1.4486914748789312, 1.0, 1200.0000000000014, 0.0, 0.0, 9296, 9651, 0.0008539488390006576, -0.0014893576953282858, 10.189434056971942, 0.015082012788434808, 1.7534993685611682, 2.750576869613565, 0.006809181907712218, 4.3899600515203945, 2.695814750301084, 33.57372593630801, 17, 1.0, 0.0008333333333333334, 1.7534993685611653, 576, 197, 2.750576869613567]
2
[1200, 10900, 0.01590950693486761, 18.166666666666668, 19.15557492661931, 0.3640532128440449, 1266.0308083962566, 0.9816666666666667, 4, 3, 22, 3.9816666666666665, 0.016073676069935653, 1200, 1.4489788375663797, 1.4505308120463227, 1.0, 1200.000000000001, 0.0, 0.0, 9204, 9701, 0.0008651205251370995, -0.0040192879219423105, 10.189242091196352, 0.015151515151515152, 1.7515305603862958, 2.7486113427856607, 0.006837800635179034, 4.387368371103303, 2.6945189100925573, 33.59620250323887, 22, 0.9999999999999994, 0.0008333333333333328, 1.751530560386298, 572, 198, 2.748611342785655]
2
[1200, 10636, 0.014223843876252638, 17.726666666666667, 18.732833030821023, 0.3623166877412227, 1267.6297186022828, 0.9941666666666666, 4, 3, 7, 3.9941666666666666, 0.014104611857850134, 1200, 1.4530765602340174, 1.4591949980630265, 1.0, 1200.000000000005, 0.0, 0.0, 9162, 9437, 0.0008587578657816484, -0.013128561705144894, 10.188272586683663, 0.014784542674450932, 1.7647664094034967, 2.7618251320544966, 0.00665983739380081, 4.419168114096793, 2.7104187815892846, 33.577612110044974, 7, 1.0000000000000004, 0.0008333333333333337, 1.7647664094034896, 575, 194, 2.76182513205449]
2
[1200, 10808, 0.015109798697939446, 18.013333333333332, 18.96892355512668, 0.36347221987221434, 1266.5668473608173, 0.9891666666666666, 4, 3, 13, 3.9891666666666667, 0.015210222588623248, 1200, 1.4465662334544407, 1.4530472650298667, 1.0, 1200.000000000001, 0.0, 0.0, 9199, 9609, 0.0008598605799331765, -0.011261286741457962, 10.190775733755327, 0.015023630803447317, 1.7558580397409618, 2.75293160967472, 0.006789272117852512, 4.39862328789689, 2.7001463684893383, 33.63183414927433, 13, 1.0000000000000007, 0.0008333333333333339, 1.7558580397409613, 574, 189, 2.7529316096747287]
2
[1200, 10715, 0.014675462048465343, 17.858333333333334, 18.818452269258216, 0.36285947034489174, 1267.2156448476499, 0.9866666666666667, 4, 3, 16, 3.986666666666667, 0.014779176177412937, 1200, 1.4505355724942086, 1.4522017148115514, 1.0, 1200.0000000000016, 0.0, 0.0, 9172, 9516, 0.0008491001954330931, 0.0103960821662976, 10.189593406786951, 0.014894356408117876, 1.7606129760331752, 2.757678621073123, 0.006722455635073639, 4.408563431707746, 2.705116440394775, 33.55800054506239, 16, 1.0000000000000002, 0.0008333333333333335, 1.7606129760331743, 578, 202, 2.7576786210731163]
2
[1200, 10691, 0.014799254908631043, 17.81833333333333, 18.845251723382816, 0.36264458100803393, 1267.325366816626, 0.99, 4, 3, 12, 3.99, 0.014524453956064706, 1200, 1.4532650820358541, 1.456446772145972, 1.0, 1200.0000000000016, 0.0, 0.0, 9176, 9492, 0.0008688401222360557, -0.017576405494781774, 10.187826078079327, 0.01486099527383931, 1.7622726785398508, 2.759335557408953, 0.0066945387919794316, 4.413655112098302, 2.707662280590059, 33.579934959884746, 12, 1.0000000000000004, 0.0008333333333333337, 1.7622726785398501, 578, 195, 2.759335557408952]
2
[1200, 10888, 0.016211261871854673, 18.14666666666667, 19.067291073481567, 0.364163859703518, 1266.0834497569674, 0.9808333333333333, 4, 3, 23, 3.9808333333333334, 0.0160688125661268, 1200, 1.4416982273636023, 1.4427198249434912, 1.0, 1200.000000000001, 0.0, 0.0, 9186, 9689, 0.0008284962947274478, -0.010539766427940352, 10.19239612380068, 0.015134834584375869, 1.7505197013092433, 2.7476021684737297, 0.006856458915484095, 4.3852754558459255, 2.693472452463867, 33.69031548412008, 23, 1.0000000000000002, 0.0008333333333333335, 1.7505197013092433, 581, 183, 2.747602168473728]
2
[1200, 10748, 0.015143075715295265, 17.913333333333334, 18.913842522732647, 0.3629895215350883, 1267.004990648021, 0.99, 4, 3, 12, 3.99, 0.01529849196128121, 1200, 1.4505950818204363, 1.4514688370894155, 1.0, 1200.000000000001, 0.0, 0.0, 9151, 9549, 0.0008698600388839221, 0.00097314962402397722, 10.188218272406854, 0.014940227967750904, 1.7596940132358485, 2.7567611898804345, 0.006731686963121397, 4.407117789776302, 2.7043936194290557, 33.551600701047605, 12, 0.9999999999999984, 0.0008333333333333321, 1.7596940132358492, 577, 202, 2.756761189880456]
2
[1200, 10724, 0.014601739980892722, 17.873333333333335, 18.891283680321862, 0.36277316049220276, 1267.170441952809, 0.9925, 4, 3, 9, 3.9925, 0.01473882735409655, 1200, 1.451581223189304, 1.4519827235277245, 1.0, 1200.000000000004, 0.0, 0.0, 9165, 9525, 0.0008619439624023527, 0.0059661421260805304, 10.186848829284632, 0.014906866833472338, 1.7614637128046304, 2.758527939949965, 0.006699665371136121, 4.408078178396574, 2.704873813739195, 33.50886992532459, 9, 1.0000000000000013, 0.0008333333333333345, 1.7614637128046318, 578, 200, 2.7585279399499583]
2
[1200, 10933, 0.015473871425682467, 18.221666666666668, 19.210698734833272, 0.3643571824064523, 1265.8721266049106, 0.9808333333333333, 4, 3, 23, 3.9808333333333334, 0.015412119781649082, 1200, 1.4461025133860452, 1.4511862383700294, 1.0, 1200.0000000000016, 0.0, 0.0, 9281, 9734, 0.0008633056165341324, 0.0022068795458196283, 10.189443670975777, 0.015197386711148179, 1.7492470770717363, 2.74633166527661, 0.006867395935499806, 4.3827581831294005, 2.6922138161055975, 33.55532915782544, 23, 1.0000000000000004, 0.0008333333333333337, 1.7492470770717374, 579, 192, 2.746331665276619]
2
[1200, 10614, 0.01502241171704865, 17.69, 18.749161386962285, 0.36201039936568297, 1267.7948744785074, 0.9908333333333333, 4, 3, 11, 3.9908333333333332, 0.014738608781555229, 1200, 1.451580580947298, 1.4530489079569007, 1.0, 1200.0000000000027, 0.0, 0.0, 9095, 9415, 0.00086684135185916, -0.009778336377000681, 10.185868697786615, 0.01475396163469558, 1.7672921647282596, 2.7643466777870502, 0.006622608560732967, 4.423526888608178, 2.7125981688449956, 33.4962442410376, 11, 1.0, 0.0008333333333333334, 1.7672921647282587, 576, 197, 2.764346677787045]
2
[1200, 10777, 0.014680330491054465, 17.961666666666666, 18.934898761644295, 0.36320235126472494, 1266.779328733234, 0.9908333333333333, 4, 3, 11, 3.9908333333333332, 0.014591213192112467, 1200, 1.4491453891203827, 1.455217649648841, 1.0, 1200.0000000000023, 0.0, 0.0, 9250, 9578, 0.0008652956873609278, 0.0039313273147049636, 10.1893734988861, 0.014980539338337503, 1.758002286268051, 2.755072282457604, 0.006757586093970285, 4.402693264778553, 2.702181356930168, 33.57646869404403, 11, 1.0000000000000007, 0.0008333333333333339, 1.7580022862680524, 573, 197, 2.7550722824576037]
2
[1200, 10920, 0.015418073644140943, 18.2, 19.18628656337529, 0.364256225753783, 1265.9301798724123, 0.9833333333333333, 4, 3, 20, 3.9833333333333334, 0.015272979968376421, 1200, 1.4508117659851905, 1.4523438754240987, 1.0, 1200.0000000000002, 0.0, 0.0, 9260, 9721, 0.0008658960054871954, -0.00039941891770255508, 10.189498191759464, 0.015179316096747289, 1.7499919938847208, 2.747075340561583, 0.006856425230612936, 4.383574648719595, 2.6926220489006956, 33.590148408515354, 20, 0.9999999999999982, 0.0008333333333333319, 1.749991993884721, 576, 190, 2.747075340561579]
2
[1200, 10926, 0.014947646902073402, 18.21, 19.2009177044843, 0.36443319652989387, 1265.878478054105, 0.9825, 4, 3, 21, 3.9825, 0.014769481433801343, 1200, 1.447395336208192, 1.4489880184247914, 1.0, 1200.0000000000014, 0.0, 0.0, 9311, 9727, 0.0008503821950233859, 0.0052151663874265104, 10.189169369377613, 0.015187656380316931, 1.7486539283571012, 2.7457395051431854, 0.006856794061199015, 4.379551194411847, 2.6906103217468083, 33.577672666791344, 21, 1.0000000000000016, 0.0008333333333333346, 1.748653928357102, 580, 205, 2.7457395051431748]
2
[1200, 10776, 0.014813081900354833, 17.96, 18.94223603251538, 0.3632438428441397, 1266.7187880532158, 0.9925, 4, 3, 9, 3.9925, 0.01475812214546848, 1200, 1.452167465657393, 1.456903355897794, 1.0, 1200.0000000000016, 0.0, 0.0, 9212, 9577, 0.0008607117686431805, -0.01714239829296281, 10.189843098153965, 0.014979149291075897, 1.7576166003667493, 2.75468723936613, 0.006758225429269811, 4.401138924347793, 2.7014041867148, 33.639620498610356, 9, 1.0, 0.0008333333333333334, 1.7576166003667477, 580, 206, 2.7546872393661386]
2
[1200, 10834, 0.015109202934134107, 18.05666666666667, 19.021676207216924, 0.36354076398591023, 1266.5066944684966, 0.9891666666666666, 4, 3, 13, 3.9891666666666667, 0.014835595189949882, 1200, 1.4443663965722122, 1.4488937721367585, 1.0, 1199.999999999999, 0.0, 0.0, 9217, 9635, 0.0008690908906730123, 0.0046015772649914367, 10.189424612031988, 0.015059772032249097, 1.755475138575411, 2.75254934667779, 0.006794947731822232, 4.396428832976388, 2.6990491410290933, 33.58395997279452, 13, 1.000000000000001, 0.0008333333333333343, 1.7554751385754144, 579, 195, 2.752549346677787]
2
[1200, 10857, 0.014903083287108373, 18.095, 19.090447772927963, 0.3638241819057071, 1266.2899600033643, 0.9908333333333333, 4, 3, 11, 3.9908333333333332, 0.014850804418572673, 1200, 1.4476163643351871, 1.4525837986873027, 1.0, 1200.0000000000036, 0.0, 0.0, 9273, 9658, 0.0008619382180762847, -0.0024864975558066588, 10.188819160385972, 0.015091743119266055, 1.7533253225768257, 2.750403113705853, 0.0068036851151650245, 4.390500199129529, 2.6960848241056747, 33.57538749122343, 11, 0.9999999999999994, 0.0008333333333333328, 1.7533253225768277, 576, 192, 2.750403113705866]
