2
[1100, 5989, 0.009172534054648388, 10.889090909090909, 11.888492735006974, 0.31391357446167545, 1200.9505655920557, 0.42, 5, 4, 638, 4.42, 0.009615827007131355, 1100, 1.5677228097783995, 1.5729359814425852, 1.0, 1100.0000000000014, 0.0, 0.0, 5603, 4890, 0.0009392267424960077, 0.0048167814149883605, 10.036130348830834, 0.009908180990983539, 2.1965539130622145, 3.1925601786748263, 0.004121446999008033, 5.174299005936381, 3.0880602497805767, 31.328480602684436, 638, 1.0000000000000002, 0.0009090909090909093, 2.196553913062214, 516, 252, 3.1925601786748286]
2
[1100, 6112, 0.009348382677079194, 11.112727272727273, 12.119164974743356, 0.3163318999005497, 1198.9745354437823, 0.3209090909090909, 5, 4, 747, 4.320909090909091, 0.009484875667249974, 1100, 1.564586756539908, 1.575546315429406, 1.0, 1100.0000000000027, 0.0, 0.0, 5718, 5013, 0.0009354735262124443, 0.013766518964292941, 10.0365170013657, 0.010111671767722723, 2.17208059653502, 3.1681313590867815, 0.004219205717853764, 5.134259592522506, 3.068040543073634, 31.311850136961056, 747, 1.0000000000000002, 0.0009090909090909093, 2.172080596535023, 522, 248, 3.168131359086773]
2
[1100, 6018, 0.010609270440723965, 10.941818181818181, 11.939775429661639, 0.3142132231862783, 1200.4511619294665, 0.47, 5, 4, 583, 4.47, 0.010717706258836406, 1100, 1.5661551846234605, 1.5719422927908646, 1.0, 1100.0000000000011, 0.0, 0.0, 5590, 4919, 0.0009185230562554792, -0.0066353271828667529, 10.036651000711764, 0.009956158491190338, 2.1935092508340923, 3.1895210521962074, 0.004142205587804038, 5.169173103876072, 3.085497298750422, 31.3598993545823, 583, 1.0000000000000013, 0.0009090909090909103, 2.1935092508340928, 514, 242, 3.1895210521962114]
2
[1100, 5984, 0.009128630079305575, 10.88, 11.85300830610735, 0.3136758594367388, 1201.1513794887178, 0.4809090909090909, 5, 4, 571, 4.4809090909090905, 0.009006373741417002, 1100, 1.5751862431782084, 1.5775519820125439, 1.0, 1100.0000000000014, 0.0, 0.0, 5626, 4885, 0.0009549395847307258, 0.00069536306866551008, 10.037334652175346, 0.009899909008189264, 2.1990333984695467, 3.1950351559268673, 0.004119469282240322, 5.1769438569037165, 3.089382675264244, 31.349770967808624, 571, 1.0000000000000004, 0.0009090909090909095, 2.199033398469547, 516, 254, 3.1950351559268757]
2
[1100, 6140, 0.010342755528767967, 11.163636363636364, 12.131695000995347, 0.31639060678298647, 1197.3892963937258, 'ND', 'ND', 'ND', 'ND', 'ND', 0.010475717374788147, 1100, 1.5628530440861073, 1.56788693040472, 0.9990909090909091, 1099.0000000000014, 0.0009090909090909091, 0.0, 5702, 5042, 0.0009287938024936575, 0.0037258722927331527, 'ND', 0.010157994871370668, 2.16148974643284, 3.15574158325752, 'ND', 'ND', 'ND', 31.409506487131566, 'ND', 1.0000000000000018, 0.0009090909090909107, 2.161489746432837, 520, 249, 'ND']
2
[1100, 5947, 0.009421078959790897, 10.812727272727273, 11.75441272170693, 0.31271430799140626, 1201.7885669933826, 0.48545454545454547, 5, 4, 566, 4.485454545454545, 0.009374707040404988, 1100, 1.570918849414015, 1.5735160063521583, 1.0, 1100.000000000002, 0.0, 0.0, 5585, 4848, 0.0009661975593798759, 0.0063874005767676698, 10.039035757087692, 0.009838696335511623, 2.208548589461191, 3.2045330465712643, 0.004102468289296233, 5.194478176461188, 3.0981498350429777, 31.37831982002982, 566, 1.0000000000000018, 0.0009090909090909107, 2.208548589461193, 514, 249, 3.204533046571263]
2
[1100, 6043, 0.008928847327735594, 10.987272727272726, 11.93823224584386, 0.31465201957894784, 1200.1434913049404, 0.3809090909090909, 5, 4, 681, 4.380909090909091, 0.008939916500272281, 1100, 1.5652074879417621, 1.5682325184452515, 1.0, 1100.0000000000014, 0.0, 0.0, 5674, 4944, 0.000973794129942158, -0.0013781341214067144, 10.040099079175684, 0.009997518405161717, 2.1886281782909127, 3.1846488543303946, 0.004188693093881048, 5.163390232609316, 3.082605863117035, 31.432784500207784, 681, 0.9999999999999996, 0.0009090909090909087, 2.1886281782909114, 514, 244, 3.184648854330383]
2
[1100, 5867, 0.010187439858159045, 10.667272727272728, 11.675688586888626, 0.3113534716632839, 1203.1371901624618, 0.5336363636363637, 5, 4, 513, 4.533636363636363, 0.00981205526660072, 1100, 1.576444458169401, 1.5796231174806625, 1.0, 1100.0000000000018, 0.0, 0.0, 5483, 4768, 0.0009564647453019443, 0.0089515746462174688, 10.032997059780291, 0.009706344610803209, 2.223246501621775, 3.2192042352551864, 0.0040053798371850954, 5.217507232430633, 3.109664363027709, 31.265241902750397, 513, 1.0000000000000007, 0.0009090909090909097, 2.2232465016217766, 515, 257, 3.219204235255191]
2
[1100, 6076, 0.010540567859597106, 11.047272727272727, 11.961777248037622, 0.3152907331488785, 1199.4562581436537, 0.0018181818181818182, 6, 4, 501, 4.546363636363636, 0.010599431690045555, 1100, 1.5619707984821516, 1.5671757169030058, 1.0, 1100.0000000000036, 0.0, 0.0, 5655, 4977, 0.0009236671971705038, -0.020067460472551448, 10.043269092256082, 0.010052113491603938, 2.1818841768721677, 3.1779171147323932, 0.004219596428677376, 5.150200214157122, 3.076010853890951, 31.598286878650693, 501, 1.0000000000000002, 0.0009090909090909093, 2.181884176872165, 507, 247, 3.1779171147324012]
2
[1100, 6009, 0.009187639665897489, 10.925454545454546, 11.825034356291653, 0.3141540403141527, 1200.501735565619, 0.31727272727272726, 5, 4, 751, 4.317272727272727, 0.008776657171452767, 1100, 1.5637784743402567, 1.5694402834340067, 1.0, 1100.0000000000014, 0.0, 0.0, 5656, 4910, 0.0008951000570628651, -0.016043599687224352, 10.044207013508549, 0.009941268922160643, 2.1930269445148816, 3.18903962279759, 0.004185210022486941, 5.168531228728955, 3.085176361176871, 31.589188706946913, 751, 1.0000000000000018, 0.0009090909090909107, 2.1930269445148842, 515, 250, 3.189039622797585]
