2
[500, 6202, 0.050689993747169884, 24.808, 25.81119176213961, 0.4491244803194844, 520.1648400228909, 1.0, 3, 3, 500, 3.0, 0.050737486117335306, 500, 1.375809790610258, 1.377169883875328, 1.0, 499.99999999999994, 0.0, 0.0, 4204, 5703, 0.0022340134121570303, 0.016164115700816172, 8.9358557516038779, 0.04971543086172345, 1.2347506257494907, 2.229811623246501, 0.02313338145089941, 3.4248050064871878, 2.214410535372114, 21.844425061218853, 500, 0.9999999999999988, 0.0019999999999999974, 1.2347506257494898, 245, 63, 2.229811623246493]
2
[500, 6234, 0.04836822406501237, 24.936, 25.818689819624915, 0.4503201977057288, 520.0532241237163, 1.0, 3, 3, 500, 3.0, 0.04833768516842894, 500, 1.3798378068234054, 1.3814289418825882, 1.0, 500.0000000000007, 0.0, 0.0, 4250, 5735, 0.0022278686036852403, -0.00065279353181859126, 8.9399851023343011, 0.04997194388777555, 1.228416672702835, 2.223503006012024, 0.0233781378134499, 3.4175670235296005, 2.210791543893315, 21.924721467269535, 500, 1.0, 0.002, 1.2284166727028352, 245, 58, 2.223503006012024]
2
[500, 6235, 0.050575212496259236, 24.94, 25.9197725632814, 0.45039212545122254, 520.0346886367721, 1.0, 3, 3, 500, 3.0, 0.050327466625451595, 500, 1.3786388370833194, 1.3881499738352538, 1.0, 500.00000000000017, 0.0, 0.0, 4272, 5736, 0.002232372292572915, -0.014777168826848812, 8.9373650423725408, 0.04997995991983968, 1.2282959493283754, 2.223382765531062, 0.023301953034452826, 3.4178423775975655, 2.2109292209272935, 21.907897260763807, 500, 0.9999999999999994, 0.0019999999999999987, 1.2282959493283752, 240, 67, 2.223382765531062]
2
[500, 6263, 0.049714899513707965, 25.052, 25.92979086686726, 0.45100318105724857, 519.9482095971177, 1.0, 3, 3, 500, 3.0, 0.04981095802627363, 500, 1.3737461720707216, 1.379604614536766, 1.0, 500.0000000000003, 0.0, 0.0, 4331, 5764, 0.002236313904599453, -0.016507462500590001, 8.9406674284773686, 0.05020440881763527, 1.2248271643688986, 2.219927855711424, 0.023512100025013263, 3.414935367148695, 2.2094757157028635, 21.956012615054153, 500, 1.000000000000001, 0.002000000000000002, 1.2248271643689, 244, 67, 2.219927855711423]
2
[500, 6210, 0.05060991750617199, 24.84, 25.821241501332565, 0.44968732652711696, 520.1333731659569, 1.0, 3, 3, 500, 3.0, 0.05074456493540186, 500, 1.3774932651813816, 1.387548229052372, 1.0, 500.0000000000005, 0.0, 0.0, 4251, 5711, 0.002225115595401191, 0.0074707732720857515, 8.9367035025261501, 0.04977955911823647, 1.2318935058872769, 2.2269659318637305, 0.02319128378085956, 3.421519197671786, 2.2127676309644118, 21.867989209937967, 500, 0.9999999999999998, 0.0019999999999999996, 1.2318935058872758, 243, 62, 2.2269659318637274]
2
[500, 6269, 0.05066858091260419, 25.076, 26.055902351462255, 0.45108487405940495, 519.9433900949724, 1.0, 3, 3, 500, 3.0, 0.050760064166221065, 500, 1.3758743768858264, 1.3857443865925452, 1.0, 499.9999999999999, 0.0, 0.0, 4293, 5770, 0.0022416454682557623, -0.00083671474687459267, 8.9371806146029122, 0.05025250501002004, 1.2248915501686093, 2.2199919839679363, 0.023437287624272357, 3.41407215816126, 2.2090441112091477, 21.89177186614256, 500, 1.0, 0.002, 1.2248915501686102, 244, 66, 2.219991983967936]
2
[500, 6223, 0.04871837018114641, 24.892, 25.819650621239592, 0.45039724761392896, 520.0737020264526, 1.0, 3, 3, 500, 3.0, 0.049019099696789074, 500, 1.3756714416765272, 1.3787006790255438, 1.0, 500.00000000000045, 0.0, 0.0, 4240, 5724, 0.0022173258101565708, -0.019469859910970701, 8.9392168552120133, 0.04988376753507014, 1.2279418274299598, 2.223030060120247, 0.023317023408910998, 3.4170488912407704, 2.210532477748897, 21.932514823843817, 500, 0.9999999999999999, 0.0019999999999999996, 1.2279418274299603, 244, 64, 2.2230300601202404]
2
[500, 6327, 0.05080506909958837, 25.308, 26.355888183765412, 0.45255985146040034, 519.7422175422366, 1.0, 3, 3, 500, 3.0, 0.05065525608318415, 500, 1.37835421564021, 1.38857593876156, 1.0, 500.0000000000005, 0.0, 0.0, 4314, 5828, 0.002253094258264862, -0.016277971724283875, 8.9364178018877194, 0.05071743486973948, 1.2175596172264203, 2.212689378757517, 0.02365660492454714, 3.405225692433212, 2.2046208783451164, 21.883284615060465, 500, 1.0000000000000002, 0.0020000000000000005, 1.2175596172264203, 243, 62, 2.212689378757515]
2
[500, 6260, 0.04992371168628172, 25.04, 26.03877410216588, 0.45133415813259614, 519.9466874214885, 1.0, 3, 3, 500, 3.0, 0.04979054381976551, 500, 1.375792867808396, 1.3761076842923552, 1.0, 500.0000000000001, 0.0, 0.0, 4306, 5761, 0.0022207525899756767, -0.020224579849450638, 8.9377033501383245, 0.050180360721442885, 1.2234509179000574, 2.218557114228452, 0.02343445692909796, 3.4113650826853013, 2.2076905734711585, 21.90515827595472, 500, 0.9999999999999993, 0.0019999999999999987, 1.223450917900056, 246, 57, 2.218557114228457]
2
[500, 6160, 0.04722420514361024, 24.64, 25.59271094270978, 0.4490074758706053, 520.2673472819673, 1.0, 3, 3, 500, 3.0, 0.04724456281101514, 500, 1.374268328394073, 1.3823625858535078, 1.0, 500.0000000000008, 0.0, 0.0, 4223, 5661, 0.002213018213038243, -0.027633721168368035, 8.9386219175714103, 0.04937875751503006, 1.234863300898987, 2.2299238476953978, 0.0230643272392505, 3.424667239620649, 2.214341651938823, 21.93017379202385, 500, 1.0000000000000002, 0.0020000000000000005, 1.2348633008989875, 248, 71, 2.2299238476953906]
2
[500, 6268, 0.050305109130216775, 25.072, 26.022047668399672, 0.4513365936097676, 519.9261684466992, 1.0, 3, 3, 500, 3.0, 0.05007912604012456, 500, 1.3760899394686332, 1.3777849479716064, 1.0, 500.0000000000007, 0.0, 0.0, 4272, 5769, 0.0022295503459856657, -0.019422025785122213, 8.9390746835972834, 0.050244488977955915, 1.2233301945255977, 2.2184368737475, 0.023497286470260056, 3.4120342421543617, 2.208025153205698, 21.92879642356114, 500, 1.0000000000000004, 0.002000000000000001, 1.2233301945255977, 239, 66, 2.218436873747495]
2
[500, 6169, 0.04822527846133157, 24.676, 25.60550465987031, 0.44892188319812093, 520.2674984471934, 1.0, 3, 3, 500, 3.0, 0.048347262561002115, 500, 1.3806844645891823, 1.3846727548761757, 1.0, 500.00000000000034, 0.0, 0.0, 4220, 5670, 0.0022248695625707118, 0.010092805591247632, 8.9381545230488619, 0.049450901803607214, 1.2355715446958189, 2.2306292585170335, 0.023074019771063808, 3.4268076427891256, 2.215411853523083, 21.89409569139117, 500, 0.9999999999999998, 0.0019999999999999996, 1.2355715446958169, 242, 65, 2.230629258517034]
2
[500, 6304, 0.05050323151201502, 25.216, 26.20062795910338, 0.45208062904425794, 519.8297281155493, 1.0, 3, 3, 500, 3.0, 0.05033366910098212, 500, 1.372653514269835, 1.3805477812757039, 1.0, 500.0000000000004, 0.0, 0.0, 4306, 5805, 0.0022339879241210095, -0.0087470972082704934, 8.9376889311470507, 0.05053306613226453, 1.219941891815759, 2.215062124248499, 0.023597992219520986, 3.4075102636383785, 2.205763163947707, 21.8987489683741, 500, 0.9999999999999994, 0.0019999999999999987, 1.2199418918157612, 245, 64, 2.215062124248497]
2
[500, 6171, 0.048716976694302264, 24.684, 25.61899274965614, 0.4489934604358923, 520.2420310823381, 1.0, 3, 3, 500, 3.0, 0.048448284946519836, 500, 1.3798252333464582, 1.3851830370044425, 1.0, 500.00000000000045, 0.0, 0.0, 4238, 5672, 0.002220947159082344, -0.013428564595396, 8.9385290728282278, 0.04946693386773547, 1.235120844097834, 2.2301803607214454, 0.023085053519457163, 3.425662563728297, 2.214839313992679, 21.92051253228662, 500, 0.9999999999999987, 0.0019999999999999974, 1.2351208440978347, 241, 64, 2.2301803607214428]
2
[500, 6150, 0.05086683451223579, 24.6, 25.517354312462256, 0.44796918516974665, 520.3133853577092, 1.0, 3, 3, 500, 3.0, 0.05036997710455586, 500, 1.3761805128857436, 1.3816318151536457, 1.0, 500.00000000000017, 0.0, 0.0, 4157, 5651, 0.0022295454041190775, -0.019577054873717671, 8.9392405514484423, 0.049298597194388775, 1.2400624542257213, 2.2351022044088134, 0.02303293893174327, 3.433747503631647, 2.218881783944341, 21.935714571710985, 500, 1.0000000000000009, 0.0020000000000000018, 1.2400624542257217, 243, 65, 2.235102204408818]
2
[500, 6189, 0.04890014685525027, 24.756, 25.710281066820617, 0.4498472901550297, 520.189247399806, 1.0, 3, 3, 500, 3.0, 0.04939200282576417, 500, 1.3773735330113979, 1.3865741533337725, 1.0, 500.0000000000005, 0.0, 0.0, 4261, 5690, 0.002204904009860976, -0.010645722829379648, 8.9380031036729655, 0.04961122244488978, 1.230879429541813, 2.225955911823642, 0.023150179298086142, 3.419981031942043, 2.2119985480995323, 21.9102398937435, 500, 0.9999999999999992, 0.0019999999999999983, 1.2308794295418135, 244, 65, 2.225955911823647]
2
[500, 6324, 0.05198334819083393, 25.296, 26.173721510667484, 0.4521927666030663, 519.7709533069008, 1.0, 3, 3, 500, 3.0, 0.051959959306195756, 500, 1.3687933301758646, 1.3724576941848197, 1.0, 500.00000000000045, 0.0, 0.0, 4355, 5825, 0.0022359756479782733, 0.0057156506354286126, 8.9404765135914168, 0.050693386773547094, 1.2191209728694334, 2.21424448897795, 0.023746081762397456, 3.4070563177738418, 2.2055361910154385, 21.93100068438841, 500, 0.9999999999999999, 0.0019999999999999996, 1.2191209728694337, 241, 65, 2.214244488977956]
2
[500, 6279, 0.05060466005420286, 25.116, 26.10993653590366, 0.45139923554094663, 519.8949037090888, 1.0, 3, 3, 500, 3.0, 0.05071516505273311, 500, 1.3707807631380224, 1.3818872642560422, 1.0, 500.00000000000085, 0.0, 0.0, 4310, 5780, 0.0022368760024389102, -0.009629134429543584, 8.9375155335644294, 0.05033266533066132, 1.2231692300263195, 2.2182765531062114, 0.02349664078558794, 3.411154247396581, 2.2075851558268003, 21.893029842604946, 500, 0.9999999999999998, 0.0019999999999999996, 1.2231692300263173, 243, 65, 2.2182765531062123]
2
[500, 6201, 0.04998732303818262, 24.804, 25.749123910677625, 0.4493260248290748, 520.1679940513691, 1.0, 3, 3, 500, 3.0, 0.05012278290549299, 500, 1.3763201847823057, 1.382492588221135, 1.0, 499.99999999999983, 0.0, 0.0, 4243, 5702, 0.0022303481698405323, 0.0071927094897303633, 8.9378691005478519, 0.04970741482965932, 1.2335997295796413, 2.2286653306613218, 0.023194645343266446, 3.424192320714795, 2.214104192485907, 21.89222100305564, 500, 1.000000000000001, 0.002000000000000002, 1.2335997295796408, 242, 67, 2.2286653306613227]
2
[500, 6299, 0.05107914206895891, 25.196, 26.11736142097608, 0.45161057561556006, 519.8475725190048, 1.0, 3, 3, 500, 3.0, 0.05066395312825893, 500, 1.373163313979088, 1.3793790519962015, 1.0, 500.0000000000002, 0.0, 0.0, 4311, 5800, 0.002245093223401201, -0.0013909005171725973, 8.9391262781348537, 0.05049298597194389, 1.22216320190582, 2.2172745490982058, 0.023606865710810807, 3.4107727086985706, 2.2073943864777985, 21.917917986457866, 500, 0.9999999999999992, 0.0019999999999999983, 1.2221632019058193, 239, 63, 2.2172745490981964]
