1
[1500, 42659, 0.09279795683742094, 56.87866666666667, 90.20280829108101, 0.4799340947273215, 1526.1389388089515, 0.97, 3, 2, 45, 2.97, 0.09001439371921995, 1500, 1.2543852478293993, 1.256612273243958, 1.0, 1500.0000000000032, 0.0, 0.0, 65707, 41160, 0.0014112253872353533, -0.013948422691634909, 10.267387332776655, 0.03794440738269958, 1.0901499976397266, 2.0886964643095367, 0.014969116090409133, 3.32163009003292, 2.1614826017587747, 30.844386351134684, 45, 0.9999999999999983, 0.0006666666666666656, 1.0901499976397258, 722, 182, 2.08869646430954]
1
[1500, 42659, 0.09109483760437162, 56.87866666666667, 89.35992880119447, 0.4792373040902181, 1526.1556933254628, 0.9706666666666667, 3, 2, 44, 2.970666666666667, 0.08937797195046907, 1500, 1.2544396001046496, 1.2559261215834403, 1.0, 1500.0000000000043, 0.0, 0.0, 64824, 41160, 0.0014046439759993876, -0.0083262648342612797, 10.270118849563268, 0.03794440738269958, 1.0933189994932098, 2.091861240827208, 0.014976702749393984, 3.3228319979427337, 2.1620835557136866, 30.841988919334305, 44, 0.999999999999998, 0.0006666666666666653, 1.0933189994932078, 720, 171, 2.0918612408272184]
1
[1500, 42659, 0.09393939641265647, 56.87866666666667, 90.99361281692838, 0.4802999908926517, 1526.1185425065748, 0.972, 3, 2, 42, 2.972, 0.09043544217166799, 1500, 1.2552692202101399, 1.2555214992633823, 1.0, 1500.0000000000032, 0.0, 0.0, 65482, 41160, 0.0014277850655065845, -0.017994845326559723, 10.264161236416179, 0.03794440738269958, 1.0885254165883635, 2.0870740493662256, 0.014947288992774733, 3.3210814694241186, 2.1612082914543915, 30.82487134871926, 42, 1.0000000000000004, 0.000666666666666667, 1.0885254165883667, 719, 175, 2.0870740493662443]
1
[1500, 42659, 0.09189032388572091, 56.87866666666667, 90.13508056604462, 0.47972772332268176, 1526.1780368931027, 0.9693333333333334, 3, 2, 46, 2.969333333333333, 0.0900490440369454, 1500, 1.2554278304231181, 1.2572306498501928, 1.0, 1500.0000000000018, 0.0, 0.0, 64933, 41160, 0.0014231225681182436, -0.01131672982277525, 10.267329061927612, 0.03794440738269958, 1.0911849555244217, 2.0897300422503813, 0.014948278585488067, 3.322092054520194, 2.1617135840023978, 30.812442600998875, 46, 1.0000000000000004, 0.000666666666666667, 1.0911849555244215, 731, 176, 2.0897300422503893]
1
[1500, 42659, 0.09097365953700796, 56.87866666666667, 89.34247942345772, 0.4792236675871834, 1526.161514883655, 0.9713333333333334, 3, 2, 43, 2.9713333333333334, 0.08923638658396342, 1500, 1.2553297351091435, 1.25798034023811, 1.0, 1500.0000000000045, 0.0, 0.0, 65742, 41160, 0.0013961227588973482, -0.010606595062803178, 10.270028146788615, 0.03794440738269958, 1.0934134104534339, 2.0919555259061564, 0.014978004912540425, 3.3240551172554853, 2.162695115370068, 30.904389151015902, 43, 1.0000000000000004, 0.000666666666666667, 1.0934134104534294, 719, 159, 2.0919555259061595]
1
[1500, 42659, 0.09038510708104885, 56.87866666666667, 88.9170346293794, 0.4791342620384274, 1526.1715977483002, 0.9713333333333334, 3, 2, 43, 2.9713333333333334, 0.0888844499201656, 1500, 1.2539706254608871, 1.2567161271075975, 1.0, 1500.0000000000034, 0.0, 0.0, 65626, 41160, 0.0013923678538695736, -0.0075194567559186219, 10.272746081227483, 0.03794440738269958, 1.0938061956747298, 2.092347787413831, 0.014996954588972199, 3.3239367361891454, 2.1626359248369016, 30.907458186418697, 43, 1.0000000000000002, 0.0006666666666666669, 1.0938061956747342, 721, 166, 2.0923477874138317]
1
[1500, 42659, 0.09142113095819068, 56.87866666666667, 89.44416596225183, 0.47950561593681235, 1526.2096852619436, 0.9733333333333334, 3, 2, 40, 2.973333333333333, 0.0896706177964713, 1500, 1.2550972497795279, 1.2568594425911537, 1.0, 1500.0000000000011, 0.0, 0.0, 65656, 41160, 0.0014061098129486934, -0.0094377439211338378, 10.270574025208584, 0.03794440738269958, 1.0921255024488956, 2.090669335112306, 0.014996421786887666, 3.3239333624143357, 2.162634237949507, 30.86139315869785, 40, 0.9999999999999996, 0.0006666666666666663, 1.0921255024488972, 722, 166, 2.090669335112297]
1
[1500, 42659, 0.09087835009904836, 56.87866666666667, 89.17243543546036, 0.4792226236114882, 1526.1413277979586, 0.9733333333333334, 3, 2, 40, 2.973333333333333, 0.08872731323289092, 1500, 1.2555593213007499, 1.2593918285176047, 1.0, 1500.0000000000007, 0.0, 0.0, 65540, 41160, 0.001386642096725646, -0.010913026627774377, 10.27117084986287, 0.03794440738269958, 1.0933964877341464, 2.0919386257505037, 0.014980427301261486, 3.323679005349329, 2.1625070594169964, 30.938249015320277, 40, 0.9999999999999991, 0.0006666666666666661, 1.0933964877341424, 721, 175, 2.0919386257505]
1
[1500, 42659, 0.09268437000101167, 56.87866666666667, 89.6260883225128, 0.4792748778729877, 1526.2245134545701, 0.97, 3, 2, 45, 2.97, 0.09080549665189686, 1500, 1.2551594126231205, 1.256856213311482, 1.0, 1500.000000000001, 0.0, 0.0, 65358, 41160, 0.001420676577668993, -0.0078409897722225789, 10.269316018507817, 0.03794440738269958, 1.0931951964415993, 2.091737602846344, 0.014998555777936327, 3.325186878938999, 2.1632609962118203, 30.775792314330793, 45, 1.000000000000001, 0.0006666666666666674, 1.093195196441599, 725, 165, 2.091737602846342]
1
[1500, 42659, 0.09376653489086877, 56.87866666666667, 90.71627183169294, 0.4801732220553935, 1526.1444186874214, 0.97, 3, 2, 45, 2.97, 0.09018621323209691, 1500, 1.2547263477264132, 1.256893999412415, 1.0, 1500.0000000000036, 0.0, 0.0, 64411, 41160, 0.0014192030373201346, -0.017635450362372594, 10.265436814390117, 0.03794440738269958, 1.0891319624743168, 2.0876797865243426, 0.014966931580971765, 3.3226549617451795, 2.161995037614925, 30.863828058915267, 45, 1.0, 0.0006666666666666666, 1.0891319624743176, 720, 161, 2.0876797865243497]
1
[1500, 42659, 0.08948310837746898, 56.87866666666667, 88.30986975879806, 0.47860499332482764, 1526.2133366582573, 0.9693333333333334, 3, 2, 46, 2.969333333333333, 0.08910802379033722, 1500, 1.2549611876135187, 1.2570280284576982, 1.0, 1500.0000000000011, 0.0, 0.0, 64405, 41160, 0.001398457493905276, -0.00026379763883532613, 10.274289266198574, 0.03794440738269958, 1.0961914084244868, 2.094729819879919, 0.015009147662997706, 3.3260166919109317, 2.163675902697793, 30.844492115212798, 46, 0.9999999999999989, 0.0006666666666666659, 1.096191408424486, 718, 174, 2.09472981987992]
1
[1500, 42659, 0.09385184239598067, 56.87866666666667, 90.75979632890588, 0.47999928967445, 1526.1651865362044, 0.972, 3, 2, 42, 2.972, 0.09127788406872092, 1500, 1.2547835652919053, 1.256116637249418, 1.0, 1500.0000000000011, 0.0, 0.0, 66102, 41160, 0.0014386020598174578, -0.014112843066375096, 10.265486068015118, 0.03794440738269958, 1.089944252999997, 2.0884909939960212, 0.01497454937541174, 3.3213639540835005, 2.1613495337840893, 30.742330990753874, 42, 0.9999999999999973, 0.0006666666666666649, 1.0899442529999952, 726, 163, 2.0884909939959972]
1
[1500, 42659, 0.09409719408285425, 56.87866666666667, 90.81171753563636, 0.4800621571674484, 1526.1598459028123, 0.9706666666666667, 3, 2, 44, 2.970666666666667, 0.09105254229933213, 1500, 1.2530277120862756, 1.2589121636843965, 1.0, 1500.000000000005, 0.0, 0.0, 65447, 41160, 0.0014287748871442496, -0.015825961162249387, 10.264358754539682, 0.03794440738269958, 1.0896200493252752, 2.088167222592849, 0.014952761789457985, 3.3211543683510483, 2.1612447409178555, 30.78466666545814, 44, 0.9999999999999991, 0.0006666666666666661, 1.0896200493252726, 725, 158, 2.0881672225928396]
1
[1500, 42659, 0.0922419418476781, 56.87866666666667, 89.97512545690364, 0.47965646586458777, 1526.158785177753, 0.9753333333333334, 3, 2, 37, 2.9753333333333334, 0.08978215069972677, 1500, 1.2537487737333268, 1.2561118327933694, 1.0, 1500.0000000000039, 0.0, 0.0, 65976, 41160, 0.0014071566009052393, -0.013691722070837452, 10.267963696166873, 0.03794440738269958, 1.0914913458104252, 2.0900360240160225, 0.014976868252281901, 3.3225290363274347, 2.161932074906044, 30.86861097600983, 37, 0.9999999999999986, 0.0006666666666666657, 1.091491345810427, 727, 184, 2.0900360240160105]
1
[1500, 42659, 0.0913957382567687, 56.87866666666667, 89.80381894865286, 0.47971474793738655, 1526.1506585080585, 0.9706666666666667, 3, 2, 44, 2.970666666666667, 0.08900224994038176, 1500, 1.2545622925864397, 1.2553188446050008, 1.0, 1500.0000000000023, 0.0, 0.0, 64818, 41160, 0.0013996546366102996, -0.01390534108920586, 10.2686136857353, 0.03794440738269958, 1.09115111008585, 2.0896962419390652, 0.014978095608547898, 3.3214716188558633, 2.1614033661702603, 30.92384643730067, 44, 0.9999999999999996, 0.0006666666666666663, 1.0911511100858533, 722, 168, 2.0896962419390706]
1
[1500, 42659, 0.0922942645892126, 56.87866666666667, 89.89516423174915, 0.47961816667497253, 1526.1792375431519, 0.9713333333333334, 3, 2, 43, 2.9713333333333334, 0.09055416198091554, 1500, 1.253365638643344, 1.2559259539162584, 1.0, 1500.000000000001, 0.0, 0.0, 65178, 41160, 0.0014182027647465624, -0.010536798770259856, 10.268215614942118, 0.03794440738269958, 1.0915937727955725, 2.090138314431829, 0.014981154458267748, 3.323348747329162, 2.162341930406921, 30.805555983250674, 43, 0.9999999999999984, 0.0006666666666666657, 1.0915937727955742, 718, 167, 2.0901383144318433]
1
[1500, 42659, 0.09196564345737251, 56.87866666666667, 89.66060976785295, 0.4794965049800022, 1526.125731472706, 0.9713333333333334, 3, 2, 43, 2.9713333333333334, 0.08943113470971743, 1500, 1.2529266842179019, 1.2556240793191524, 1.0, 1500.000000000004, 0.0, 0.0, 64464, 41160, 0.0013984144972530275, -0.011557233818416288, 10.268668247711023, 0.03794440738269958, 1.0921433158376157, 2.0906871247498313, 0.014958910025033743, 3.321943471609639, 2.1616392925471404, 30.91168105498293, 43, 1.0000000000000002, 0.0006666666666666669, 1.092143315837616, 725, 163, 2.090687124749833]
1
[1500, 42659, 0.09305641023571297, 56.87866666666667, 90.21591881403903, 0.47993401139450187, 1526.140128025355, 0.968, 3, 2, 48, 2.968, 0.09088546766092796, 1500, 1.2536939532203017, 1.2578305530432392, 1.0, 1500.0000000000034, 0.0, 0.0, 66334, 41160, 0.0014205301378821871, -0.011104681346442578, 10.267013059094779, 0.03794440738269958, 1.0901339655898783, 2.0886804536357633, 0.014971347119501712, 3.3212846494711186, 2.1613098814778704, 30.77121257579245, 48, 1.0000000000000007, 0.0006666666666666671, 1.090133965589876, 724, 172, 2.088680453635757]
1
[1500, 42659, 0.09114885794432778, 56.87866666666667, 88.9792454619789, 0.47930264373899534, 1526.2201898149865, 0.9746666666666667, 3, 2, 38, 2.974666666666667, 0.08942162184582737, 1500, 1.2539545431692165, 1.254964350677171, 1.0, 1500.0000000000007, 0.0, 0.0, 66130, 41160, 0.0014008317016363204, -0.0074417022997806019, 10.273081033544354, 0.03794440738269958, 1.0930393292902894, 2.0915819435179017, 0.015011956275276682, 3.3255575379219526, 2.163446325703303, 30.88830582808294, 38, 0.9999999999999996, 0.0006666666666666663, 1.0930393292902856, 720, 162, 2.091581943517901]
1
[1500, 42659, 0.09152397747665805, 56.87866666666667, 89.38529334917189, 0.4792909143584719, 1526.1858526046803, 0.97, 3, 2, 45, 2.97, 0.08979158780343462, 1500, 1.2546935919097932, 1.2555159689144682, 1.0, 1500.0000000000043, 0.0, 0.0, 63978, 41160, 0.0014081653050106997, -0.0085094393350385183, 10.270618856609085, 0.03794440738269958, 1.0930820814232172, 2.091624638648018, 0.014993978773099487, 3.324196872144856, 2.162765992814764, 30.842527007466874, 45, 0.999999999999999, 0.000666666666666666, 1.093082081423216, 723, 179, 2.0916246386479878]
