1
[500, 11424, 0.1686757673623708, 45.696, 63.42134505208931, 0.5164956874669493, 510.8666745832753, 0.84, 3, 2, 80, 2.84, 0.1637701554790688, 500, 1.2749503815416776, 1.2805389139068686, 1.0, 499.99999999999994, 0.0, 0.0, 18964, 10925, 0.004554065534976131, -0.026509738896466274, 8.7540815579699078, 0.0915751503006012, 0.9431795317542713, 1.939406813627255, 0.03750107761781388, 2.9347626940712224, 1.969389379164123, 19.10349250111441, 80, 1.0000000000000002, 0.0020000000000000005, 0.9431795317542704, 242, 61, 1.9394068136272544]
1
[500, 11424, 0.17477954557638428, 45.696, 64.30092190457668, 0.516963743807911, 510.81813817787435, 0.828, 3, 2, 86, 2.828, 0.16530595951913743, 500, 1.2725956417104198, 1.280132648049693, 1.0, 500.00000000000057, 0.0, 0.0, 18761, 10925, 0.004586343394583733, -0.039240401064247345, 8.7484221440183738, 0.0915751503006012, 0.9413686811373749, 1.9376032064128215, 0.03735849842493308, 2.933906321315943, 1.968961192786477, 19.12189650708147, 86, 0.9999999999999996, 0.001999999999999999, 0.9413686811373753, 239, 56, 1.9376032064128257]
1
[500, 11424, 0.16697149754906604, 45.696, 62.56016373539139, 0.5157437542246119, 510.8499510181463, 0.84, 3, 2, 80, 2.84, 0.16374633588332022, 500, 1.273450277723082, 1.2783996835874547, 1.0, 500.0000000000003, 0.0, 0.0, 18927, 10925, 0.004442518972065736, -0.014641822726665553, 8.7578256785663982, 0.0915751503006012, 0.9460849409662702, 1.9423006012024024, 0.03746111191895133, 2.9386069619161415, 1.9713115130865846, 19.112755794519458, 80, 1.0, 0.002, 0.9460849409662695, 241, 61, 1.9423006012024049]
1
[500, 11424, 0.16664559468079307, 45.696, 62.711700993552626, 0.5159848312492471, 510.85663968916293, 0.824, 3, 2, 88, 2.824, 0.16435947923959057, 500, 1.2721386465021665, 1.277590706263942, 1.0, 500.0000000000008, 0.0, 0.0, 19623, 10925, 0.004482612072425119, -0.012311009882000817, 8.7557220397794886, 0.0915751503006012, 0.9451272021955552, 1.9413466933867742, 0.0374139377068484, 2.936962153728058, 1.9704891089925425, 19.08878162741739, 88, 1.0000000000000007, 0.0020000000000000013, 0.9451272021955546, 240, 59, 1.9413466933867736]
1
[500, 11424, 0.16815053706220012, 45.696, 62.808995971913156, 0.5157834777530131, 510.8502756704446, 0.844, 3, 2, 78, 2.844, 0.1646944050814991, 500, 1.2764214122757689, 1.279186427750572, 1.0, 500.00000000000057, 0.0, 0.0, 19326, 10925, 0.004483336274429422, -0.016200643020733888, 8.7554144630264119, 0.0915751503006012, 0.945948121141883, 1.9421643286573194, 0.03740350054671143, 2.93862525349842, 1.971320658877721, 19.09653557252703, 78, 0.9999999999999999, 0.0019999999999999996, 0.9459481211418822, 244, 63, 1.9421643286573147]
1
[500, 11424, 0.1719396806862353, 45.696, 63.803029072486204, 0.5158072053334628, 510.8264281521001, 0.878, 3, 2, 61, 2.878, 0.167734895312654, 500, 1.2704137120172092, 1.2768253002375873, 1.0, 500.0000000000004, 0.0, 0.0, 18047, 10925, 0.004587234498902557, -0.022609176376797473, 8.7490371490586263, 0.0915751503006012, 0.9462620019154774, 1.9424769539078215, 0.03599096776099058, 2.9361954497153087, 1.9701057569861717, 19.04633486747608, 61, 0.9999999999999999, 0.0019999999999999996, 0.946262001915477, 240, 62, 1.9424769539078157]
1
[500, 11424, 0.17484471743776273, 45.696, 64.29666635350593, 0.5169735023189336, 510.801531351837, 0.82, 3, 2, 90, 2.82, 0.16552173456163088, 500, 1.273264989754508, 1.2775549084574176, 1.0, 500.00000000000034, 0.0, 0.0, 18812, 10925, 0.004559493094169037, -0.039661127338123298, 8.7467920779487507, 0.0915751503006012, 0.9413284400125546, 1.9375631262525077, 0.037273390386577065, 2.9316682588751948, 1.967842161566108, 19.132706696153598, 90, 1.0, 0.002, 0.9413284400125556, 238, 60, 1.937563126252505]
1
[500, 11424, 0.1681120583755715, 45.696, 62.898832495399674, 0.5163588220317181, 510.86597261182305, 0.832, 3, 2, 84, 2.832, 0.16510095165523184, 500, 1.2692176803670627, 1.2769406724321157, 1.0, 500.0000000000006, 0.0, 0.0, 18178, 10925, 0.0045161258107704536, -0.015826250934614577, 8.7553884767360586, 0.0915751503006012, 0.9436302323522548, 1.9398557114228483, 0.03744276682881596, 2.9371985796118842, 1.970607321934451, 19.081849343281604, 84, 1.0000000000000004, 0.002000000000000001, 0.9436302323522543, 243, 55, 1.9398557114228456]
1
[500, 11424, 0.17266777699365293, 45.696, 64.14463403842382, 0.5164515555236343, 510.8520120961752, 0.828, 3, 2, 86, 2.828, 0.1671374395919098, 500, 1.2738673091174804, 1.2776861575673508, 1.0, 500.0000000000009, 0.0, 0.0, 18758, 10925, 0.004645398690971023, -0.029809439369798525, 8.7463215228952436, 0.0915751503006012, 0.9434451231780846, 1.939671342685369, 0.03728683237738554, 2.9330082105156765, 1.9685121373863497, 19.034136475104667, 86, 1.0, 0.002, 0.9434451231780829, 240, 58, 1.9396713426853707]
1
[500, 11424, 0.17059408019864244, 45.696, 63.438877513799696, 0.5162929622889156, 510.8614584134984, 0.83, 3, 2, 85, 2.83, 0.16435794959921313, 500, 1.278848575898578, 1.2817730026286052, 1.0, 500.0000000000005, 0.0, 0.0, 19839, 10925, 0.004502672938734358, -0.030620476531033267, 8.7523022311083896, 0.0915751503006012, 0.9439763060257068, 1.9402004008015978, 0.03741572625013523, 2.936407189187714, 1.9702116267223664, 19.1250606662975, 85, 0.9999999999999998, 0.0019999999999999996, 0.9439763060257064, 241, 60, 1.9402004008016032]
1
[500, 11424, 0.1639672870329977, 45.696, 62.18679357117228, 0.5157437894507474, 510.88629279122773, 0.85, 3, 2, 75, 2.85, 0.16192386438361278, 500, 1.2740231662396984, 1.2756666961389183, 1.0, 499.9999999999999, 0.0, 0.0, 18133, 10925, 0.004418079090207405, -0.013380353339618997, 8.7620357126625699, 0.0915751503006012, 0.946068844516342, 1.9422845691382704, 0.03760710122910617, 2.939446192508992, 1.971731128383011, 19.157551045834964, 75, 1.0000000000000007, 0.0020000000000000013, 0.9460688445163422, 242, 61, 1.9422845691382766]
1
[500, 11424, 0.17326434260583082, 45.696, 63.88551882743772, 0.5162341434874731, 510.83451552542493, 0.832, 3, 2, 84, 2.832, 0.1672297652952513, 500, 1.2702652362279485, 1.2731611196386745, 1.0, 500.00000000000034, 0.0, 0.0, 19316, 10925, 0.0046469312647353656, -0.026530673821118799, 8.7502830235823978, 0.0915751503006012, 0.9443062832492296, 1.9405290581162304, 0.03738006319160502, 2.9347797172444574, 1.969397890750738, 19.045494782319324, 84, 1.000000000000001, 0.002000000000000002, 0.9443062832492292, 241, 60, 1.9405290581162324]
1
[500, 11424, 0.1742473671451997, 45.696, 64.02612639034986, 0.5165988864548487, 510.8327635419775, 0.844, 3, 2, 78, 2.844, 0.16560911835418254, 500, 1.269913089397739, 1.2724981171972047, 1.0, 500.0000000000007, 0.0, 0.0, 19588, 10925, 0.004573395915299773, -0.036227986145737572, 8.74986808150706, 0.0915751503006012, 0.9428254098558569, 1.9390541082164232, 0.03738968217153304, 2.934016808458039, 1.969016436357526, 19.120189958266206, 78, 1.0, 0.002, 0.9428254098558563, 237, 66, 1.9390541082164328]
1
[500, 11424, 0.16931143593474743, 45.696, 62.895988762651164, 0.5158992925547851, 510.8472983832887, 0.842, 3, 2, 79, 2.842, 0.16467794707731578, 500, 1.2733988268736238, 1.2778343502709124, 1.0, 500.0000000000003, 0.0, 0.0, 19232, 10925, 0.004440899602341794, -0.021732518453081027, 8.7541623351914026, 0.0915751503006012, 0.9454732758690079, 1.9416913827655284, 0.037346045365896245, 2.9392240267793706, 1.9716200455182011, 19.135479509081105, 79, 1.0000000000000013, 0.0020000000000000026, 0.9454732758690064, 240, 61, 1.941691382765531]
1
[500, 11424, 0.17099784246984429, 45.696, 63.54669346725897, 0.5163014823901347, 510.83179623603763, 0.826, 3, 2, 87, 2.826, 0.16555213684864223, 500, 1.2786213007539333, 1.2816318622964469, 1.0, 499.9999999999999, 0.0, 0.0, 19776, 10925, 0.004544069932876964, -0.024168691091351804, 8.7502845445811293, 0.0915751503006012, 0.9439441131258484, 1.9401683366733513, 0.0373210379628143, 2.9351878331503944, 1.9696019487037177, 19.08318621059267, 87, 0.9999999999999981, 0.001999999999999996, 0.9439441131258508, 241, 54, 1.9401683366733466]
1
[500, 11424, 0.16702912416005977, 45.696, 62.70847931648708, 0.5158834111691958, 510.85446063368806, 0.838, 3, 2, 81, 2.838, 0.16409609172781142, 500, 1.2730054782208782, 1.2748397545708678, 1.0, 500.00000000000017, 0.0, 0.0, 18335, 10925, 0.00447216205578363, -0.014923876785463397, 8.756805956057832, 0.0915751503006012, 0.9455618063436114, 1.9417795591182345, 0.0374755638900303, 2.9368607489993748, 1.970438406628207, 19.121343780110767, 81, 0.9999999999999996, 0.001999999999999999, 0.9455618063436099, 242, 66, 1.9417795591182365]
1
[500, 11424, 0.17397319336195696, 45.696, 64.51983559431832, 0.5169600193279589, 510.8100497004902, 0.838, 3, 2, 81, 2.838, 0.1669841553174933, 500, 1.2743704217123473, 1.2807833285450467, 1.0, 500.0000000000003, 0.0, 0.0, 18382, 10925, 0.004674677454911446, -0.034305698906079693, 8.7453770852436197, 0.0915751503006012, 0.9414330669370872, 1.93766733466934, 0.03722440557225816, 2.9307415303971354, 1.9673787973270798, 19.04229503606264, 81, 0.9999999999999997, 0.001999999999999999, 0.9414330669370864, 238, 53, 1.9376673346693387]
1
[500, 11424, 0.17188544096198088, 45.696, 63.57335768196306, 0.5164758113772674, 510.8425531898445, 0.822, 3, 2, 89, 2.822, 0.16639839743815818, 500, 1.273636736487514, 1.2739918905047394, 1.0, 500.00000000000057, 0.0, 0.0, 18327, 10925, 0.004565848028916445, -0.024603391704160062, 8.7510114438451474, 0.0915751503006012, 0.9432600140039108, 1.9394869739479006, 0.03735433839706959, 2.935620841256379, 1.969818452756702, 19.084804150012683, 89, 1.0000000000000004, 0.002000000000000001, 0.9432600140039115, 240, 52, 1.9394869739478957]
1
[500, 11424, 0.16854062264805786, 45.696, 62.722644378133836, 0.5159205102223559, 510.88623436909626, 0.824, 3, 2, 88, 2.824, 0.16492189102344978, 500, 1.2720505961011317, 1.2762417887387856, 1.0, 500.00000000000034, 0.0, 0.0, 19297, 10925, 0.0045121820134871315, -0.015309352778075595, 8.7575861338804248, 0.0915751503006012, 0.9454169382942584, 1.9416352705410869, 0.03754380467070607, 2.9401775067088307, 1.972096785482926, 19.097488470712353, 88, 1.0000000000000002, 0.0020000000000000005, 0.94541693829426, 238, 58, 1.9416352705410822]
1
[500, 11424, 0.1752327776324636, 45.696, 64.27489538360011, 0.5167243860363854, 510.8170496755157, 0.832, 3, 2, 84, 2.832, 0.16696266504823143, 500, 1.2756598032715818, 1.2795061700520611, 1.0, 500.00000000000057, 0.0, 0.0, 18446, 10925, 0.004644781485886283, -0.033021251509959826, 8.7475447319441759, 0.0915751503006012, 0.9423988539327658, 1.9386292585170382, 0.037306511374406104, 2.9338920540381523, 1.9689540591475834, 19.07438151143301, 84, 0.9999999999999993, 0.0019999999999999987, 0.942398853932765, 240, 68, 1.9386292585170342]
