1
[1200, 20111, 0.07556650058878299, 33.51833333333333, 56.46830704375582, 0.43529949922734784, 1235.2116427581402, 0.9975, 3, 2, 3, 2.9975, 0.07073311413843486, 1200, 1.3318096199044431, 1.3328152509363438, 1.0, 1200.0000000000018, 0.0, 0.0, 19033, 18912, 0.00172875782881749, -0.0224315178568825, 9.9180586286258041, 0.027955240478176258, 1.3117873687171109, 2.3096010564359046, 0.01074138957769791, 3.6193560523063093, 2.3105127506940515, 26.87978734451709, 3, 1.0000000000000002, 0.0008333333333333335, 1.311787368717113, 570, 194, 2.309601056435919]
1
[1200, 20111, 0.07507673477967532, 33.51833333333333, 56.203589002203614, 0.4357952407069743, 1235.1774267887758, 0.9966666666666667, 3, 2, 4, 2.9966666666666666, 0.06999565926910883, 1200, 1.32850474874923, 1.3340077183899162, 1.0, 1200.000000000003, 0.0, 0.0, 19003, 18912, 0.0017008748816167844, -0.024210903147498443, 9.9223726190536716, 0.027955240478176258, 1.3088202327760603, 2.3066388657214336, 0.010764487258280716, 3.618073809675623, 2.3098716293786996, 26.995286800208348, 4, 0.9999999999999981, 0.0008333333333333318, 1.3088202327760612, 562, 200, 2.3066388657214345]
1
[1200, 20111, 0.07406137143873907, 33.51833333333333, 55.84682762430407, 0.4350455164146018, 1235.2380137493824, 0.9966666666666667, 3, 2, 4, 2.9966666666666666, 0.06908856176228459, 1200, 1.3285388244002625, 1.3352786885699288, 1.0, 1200.000000000002, 0.0, 0.0, 19351, 18912, 0.001684250005013882, -0.024995381068439942, 9.923233726698836, 0.027955240478176258, 1.3129903745608802, 2.310802057269947, 0.010761316177903534, 3.6205837359912887, 2.3111265925365405, 27.038620649135023, 4, 1.0000000000000002, 0.0008333333333333335, 1.3129903745608815, 567, 183, 2.3108020572699473]
1
[1200, 20111, 0.07668222312891668, 33.51833333333333, 56.78636326651403, 0.43563447300461944, 1235.1869776069457, 0.9941666666666666, 3, 2, 7, 2.9941666666666666, 0.07199029380949883, 1200, 1.3275356881383953, 1.328791975911417, 1.0, 1200.0000000000052, 0.0, 0.0, 19588, 18912, 0.001746652168548214, -0.021751045745499329, 9.9149355475386294, 0.027955240478176258, 1.3098018521277437, 2.3076188490408605, 0.010721924285710146, 3.6181389805806576, 2.309904214831249, 26.781227024798643, 7, 0.999999999999999, 0.0008333333333333325, 1.3098018521277452, 562, 198, 2.3076188490408676]
1
[1200, 20111, 0.0740446883511011, 33.51833333333333, 56.11023909042385, 0.435210609209783, 1235.2552017750122, 0.995, 3, 2, 6, 2.995, 0.07029348630339326, 1200, 1.3302045443455925, 1.3323142191617923, 1.0, 1200.000000000001, 0.0, 0.0, 19138, 18912, 0.0017108941082752541, -0.021586712373372469, 9.9204024101212269, 0.027955240478176258, 1.3121424225251705, 2.3099555184876364, 0.01075345161479102, 3.618576677220882, 2.3101230631513516, 26.887282007313317, 6, 1.0, 0.0008333333333333334, 1.3121424225251712, 564, 197, 2.3099555184876284]
1
[1200, 20111, 0.07579293071583221, 33.51833333333333, 56.91539099288869, 0.43598513837603614, 1235.341535808223, 0.9983333333333333, 3, 2, 2, 2.9983333333333335, 0.07131664127092895, 1200, 1.3298990744051213, 1.331881104957405, 1.0, 1200.0000000000018, 0.0, 0.0, 19522, 18912, 0.0017458087530519903, -0.027015531443440471, 9.9164707162576828, 0.027955240478176258, 1.308033544926838, 2.305853489018621, 0.01076074539673883, 3.6200054465582285, 2.3108374478199893, 26.857793809078593, 2, 1.000000000000002, 0.000833333333333335, 1.308033544926838, 563, 188, 2.3058534890186264]
1
[1200, 20111, 0.07326224483566345, 33.51833333333333, 55.557157209446146, 0.43449667100382283, 1235.319429751194, 0.9966666666666667, 3, 2, 4, 2.9966666666666666, 0.07054241797901772, 1200, 1.3304679253364127, 1.3341378877172887, 1.0, 1200.0000000000007, 0.0, 0.0, 18966, 18912, 0.0017188825292645178, -0.014396136363229882, 9.9235861953454361, 0.027955240478176258, 1.3161510496365225, 2.3139574645538055, 0.010758673079152596, 3.6219194190850827, 2.311794434083439, 26.870099191906224, 4, 0.9999999999999991, 0.0008333333333333326, 1.3161510496365199, 561, 186, 2.313957464553795]
1
[1200, 20111, 0.07636925651691831, 33.51833333333333, 57.23656359311998, 0.43602704342603393, 1235.2311258112065, 0.9966666666666667, 3, 2, 4, 2.9966666666666666, 0.07228643439106332, 1200, 1.3305950988512891, 1.3346530464465045, 1.0, 1200.0000000000002, 0.0, 0.0, 19108, 18912, 0.001779785071092778, -0.023257713041244521, 9.9138459567429411, 0.027955240478176258, 1.3078706378854945, 2.305690853489022, 0.010728974311126637, 3.6172584125677565, 2.309463930824778, 26.686834683175803, 4, 1.0000000000000002, 0.0008333333333333335, 1.3078706378854925, 558, 189, 2.305690853489019]
1
[1200, 20111, 0.07392894045483626, 33.51833333333333, 55.742000071500286, 0.4346258517057349, 1235.3342569336387, 0.9983333333333333, 3, 2, 2, 2.9983333333333335, 0.07118542305849174, 1200, 1.3299351677930447, 1.3333618866186367, 1.0, 1200.0000000000016, 0.0, 0.0, 19156, 18912, 0.0017237318030734227, -0.014213816651128308, 9.9217626468010991, 0.027955240478176258, 1.315393601512668, 2.313201278843483, 0.010754100165733945, 3.621137331980544, 2.3114033905311775, 26.796139364187436, 2, 0.9999999999999999, 0.0008333333333333333, 1.3153936015126726, 565, 208, 2.3132012788434806]
1
[1200, 20111, 0.07574476598873676, 33.51833333333333, 56.90740317922681, 0.4361084248287288, 1235.185402503796, 0.9941666666666666, 3, 2, 7, 2.9941666666666666, 0.07072079944149204, 1200, 1.328487944245281, 1.3315258335933822, 1.0, 1200.0000000000016, 0.0, 0.0, 19545, 18912, 0.0017230498464417684, -0.029187033249427771, 9.9169772231009379, 0.027955240478176258, 1.3070909118756415, 2.3049124270225336, 0.010747995243357716, 3.6176338807548403, 2.309651664918328, 26.928932611428753, 7, 1.0000000000000004, 0.0008333333333333337, 1.3070909118756426, 565, 206, 2.304912427022519]
1
[1200, 20111, 0.0757368303387209, 33.51833333333333, 56.38178765478175, 0.4352965418445142, 1235.2676030955874, 0.9983333333333333, 3, 2, 2, 2.9983333333333335, 0.07188777375748348, 1200, 1.3291615907135013, 1.3322478047513444, 1.0, 1200.0000000000018, 0.0, 0.0, 19086, 18912, 0.0017381548616889383, -0.020251641622524203, 9.9187361006389789, 0.027955240478176258, 1.3116634479762643, 2.3094773422296466, 0.010748320199501919, 3.620566557563288, 2.3111180033225396, 26.79429560680825, 2, 0.9999999999999994, 0.0008333333333333328, 1.3116634479762652, 564, 184, 2.309477342229636]
1
[1200, 20111, 0.07830257148616215, 33.51833333333333, 57.18881245749088, 0.43604336588196174, 1235.1604579644793, 0.9975, 3, 2, 3, 2.9975, 0.07256200893544908, 1200, 1.3290055292471856, 1.3306753351020655, 1.0, 1200.000000000001, 0.0, 0.0, 19138, 18912, 0.0017384266255407422, -0.027437932844793112, 9.9122571312746359, 0.027955240478176258, 1.307650643761286, 2.3054712260216723, 0.010715679394926538, 3.616316590633279, 2.3089930198575304, 26.816546026665215, 3, 1.0000000000000018, 0.0008333333333333348, 1.3076506437612876, 560, 192, 2.3054712260216847]
1
[1200, 20111, 0.07467491711198673, 33.51833333333333, 56.14918470718337, 0.4350138048651145, 1235.3674424832072, 0.9975, 3, 2, 3, 2.9975, 0.07122247905703372, 1200, 1.3285303607434886, 1.3311868257612673, 1.0, 1200.0000000000034, 0.0, 0.0, 19342, 18912, 0.00173942928997784, -0.019241590410741933, 9.9202463954334181, 0.027955240478176258, 1.3133593520476878, 2.3111704197942697, 0.01076673627824019, 3.6221110264851877, 2.3118902377835044, 26.80921770176988, 3, 1.0000000000000004, 0.0008333333333333337, 1.3133593520476854, 566, 191, 2.311170419794273]
1
[1200, 20111, 0.0759914411668595, 33.51833333333333, 56.61196994469515, 0.43574132249600467, 1235.234303172868, 0.9991666666666666, 3, 2, 1, 2.9991666666666665, 0.07159111006307846, 1200, 1.3305206157823222, 1.3313733011838993, 1.0, 1200.000000000003, 0.0, 0.0, 19464, 18912, 0.0017357735128013, -0.023302075761739163, 9.9174725171311824, 0.027955240478176258, 1.3091293384442524, 2.306947456213517, 0.010748017717997483, 3.618416459478171, 2.3100429542799716, 26.854772801404582, 1, 1.0000000000000002, 0.0008333333333333335, 1.3091293384442528, 560, 196, 2.306947456213511]
1
[1200, 20111, 0.07692122078961049, 33.51833333333333, 57.07169672170894, 0.43612542661150117, 1235.1471319382001, 0.9941666666666666, 3, 2, 7, 2.9941666666666666, 0.07145345646742819, 1200, 1.3297641818924124, 1.3323295760078684, 1.0, 1200.000000000003, 0.0, 0.0, 19090, 18912, 0.0017371504578561111, -0.026948721782994338, 9.9148113878832618, 0.027955240478176258, 1.3070602797824031, 2.304881845982763, 0.010736845738493091, 3.6163326594260656, 2.3090010542539208, 26.85717582553756, 7, 0.9999999999999982, 0.0008333333333333319, 1.307060279782402, 562, 172, 2.3048818459827634]
1
[1200, 20111, 0.07391561896331317, 33.51833333333333, 56.020135913313815, 0.43503603154980397, 1235.2819830117842, 1.0, 3, 3, 1200, 3.0, 0.06969734195573532, 1200, 1.328900260601448, 1.3310199546343993, 1.0, 1200.0000000000023, 0.0, 0.0, 19621, 18912, 0.0016869827590429624, -0.026328405392722593, 9.9189850011695171, 0.027955240478176258, 1.3130683471618636, 2.3108798999166034, 0.010741576071349205, 3.618974288007985, 2.3103218685449107, 27.02523304327926, 1200, 0.9999999999999987, 0.0008333333333333322, 1.3130683471618654, 569, 188, 2.310879899916597]
1
[1200, 20111, 0.07649565576997457, 33.51833333333333, 56.827893158817446, 0.4357151765559898, 1235.1396987533255, 0.9975, 3, 2, 3, 2.9975, 0.07176745032330249, 1200, 1.3274766678609722, 1.3320029456488824, 1.0, 1200.0000000000027, 0.0, 0.0, 19093, 18912, 0.0017395156979767919, -0.023198724688160328, 9.9143627950666584, 0.027955240478176258, 1.3093270546824607, 2.3071448429246617, 0.010714131314189404, 3.61712140045241, 2.3093954247671182, 26.776144255332703, 3, 1.0000000000000004, 0.0008333333333333337, 1.30932705468246, 561, 189, 2.3071448429246595]
1
[1200, 20111, 0.07600221046949675, 33.51833333333333, 56.612540968528386, 0.43549220838626873, 1235.156505823246, 0.9966666666666667, 3, 2, 4, 2.9966666666666666, 0.07095618702839447, 1200, 1.328059291931537, 1.3298155650361279, 1.0, 1200.000000000002, 0.0, 0.0, 19218, 18912, 0.0017141107409392882, -0.025765701661582052, 9.9158347330352381, 0.027955240478176258, 1.310672082049452, 2.3084876285793814, 0.01071960270335056, 3.61770280759183, 2.3096861283368284, 26.894423642821195, 4, 1.0000000000000004, 0.0008333333333333337, 1.310672082049454, 566, 202, 2.3084876285793716]
1
[1200, 20111, 0.07670865677849863, 33.51833333333333, 57.24523115785002, 0.43623273461268325, 1235.2382319996148, 0.9958333333333333, 3, 2, 5, 2.995833333333333, 0.07163295510606808, 1200, 1.3312866347060404, 1.333016770657461, 1.0, 1199.9999999999998, 0.0, 0.0, 19162, 18912, 0.0017508916530097221, -0.027907302381143972, 9.9123063864942225, 0.027955240478176258, 1.3066954793992214, 2.304517653600207, 0.010730693290302623, 3.616175966485993, 2.3089227077838883, 26.79744379974636, 5, 0.9999999999999998, 0.0008333333333333332, 1.3066954793992234, 563, 180, 2.3045176536002225]
1
[1200, 20111, 0.07660092017297651, 33.51833333333333, 56.490434597029186, 0.43531279747052376, 1235.2371803387753, 0.9983333333333333, 3, 2, 2, 2.9983333333333335, 0.0719299569092841, 1200, 1.3292265081748402, 1.3317167828091903, 1.0, 1200.0000000000034, 0.0, 0.0, 19368, 18912, 0.001732821107610097, -0.021610670805579678, 9.9165131235321162, 0.027955240478176258, 1.3115019333027924, 2.309316096747289, 0.010731085649177458, 3.61944905882377, 2.3105592539527873, 26.867757041429783, 2, 1.0, 0.0008333333333333334, 1.3115019333027953, 566, 196, 2.309316096747289]
