1
[500, 4419, 0.08967823238631319, 17.676, 29.544129731060323, 0.4164773384720886, 527.3057687478968, 0.044, 4, 3, 478, 3.044, 0.08042757516862925, 500, 1.4423303022318708, 1.4450843850933446, 1.0, 500.00000000000006, 0.0, 0.0, 3463, 3920, 0.0040222667859084625, -0.045098890397801322, 8.6566673403375987, 0.035422845691382765, 1.4222098816106092, 2.4165210420841694, 0.0131736239051045, 3.703249584081646, 2.353632824169331, 17.544459560642128, 478, 0.9999999999999993, 0.0019999999999999987, 1.4222098816106108, 220, 113, 2.4165210420841685]
1
[500, 4419, 0.09413049541770804, 17.676, 29.626559272578874, 0.41687740886443353, 527.4369029743161, 0.076, 4, 3, 462, 3.076, 0.08064779309782165, 500, 1.4374069197516, 1.447775487928332, 1.0, 500.0000000000007, 0.0, 0.0, 3423, 3920, 0.0039040907993012925, -0.060627767868892776, 8.6586031285540681, 0.035422845691382765, 1.4202380664944336, 2.4145571142284568, 0.013216060738611054, 3.7065893513300536, 2.355302707793546, 17.632567310153426, 462, 1.0000000000000009, 0.0020000000000000018, 1.4202380664944336, 224, 117, 2.4145571142284568]
1
[500, 4419, 0.08855601087479927, 17.676, 29.852128942111616, 0.4171293782961448, 527.514003575797, 0.044, 4, 3, 478, 3.044, 0.0827169932799485, 500, 1.4428893497216229, 1.4482118397705521, 1.0, 500.0, 0.0, 0.0, 3456, 3920, 0.004133136469598586, -0.040482258862228254, 8.6543561839647278, 0.035422845691382765, 1.4187652413260259, 2.4130901803607303, 0.013194565686711335, 3.700216908496175, 2.3521164863766004, 17.361855631647707, 478, 0.9999999999999993, 0.0019999999999999987, 1.4187652413260239, 223, 103, 2.4130901803607214]
1
[500, 4419, 0.088867814544382, 17.676, 29.54443061863099, 0.4166294584387478, 527.458020729739, 0.06, 4, 3, 470, 3.06, 0.07947750220566611, 500, 1.4401581885284616, 1.4426513527718194, 1.0, 500.00000000000034, 0.0, 0.0, 3439, 3920, 0.0040213695210921455, -0.044361829077008912, 8.6602546235217215, 0.035422845691382765, 1.4215740718384562, 2.4158877755511003, 0.01321177306831545, 3.7035039727626144, 2.3537600185098144, 17.590260071115726, 470, 0.9999999999999999, 0.0019999999999999996, 1.4215740718384557, 228, 109, 2.415887775551102]
1
[500, 4419, 0.09329433771810222, 17.676, 30.29766417115119, 0.41773376407615403, 527.403282360896, 0.02, 4, 3, 490, 3.02, 0.08176361331877208, 500, 1.4377630961994872, 1.4427140729387238, 1.0, 500.00000000000034, 0.0, 0.0, 3517, 3920, 0.004111808680731011, -0.056524984955207497, 8.6497392114057661, 0.035422845691382765, 1.4152642634666937, 2.409603206412824, 0.013183944150587828, 3.6994918689388934, 2.3517539665979648, 17.52858058331178, 490, 0.9999999999999989, 0.001999999999999998, 1.4152642634666928, 223, 120, 2.4096032064128257]
1
[500, 4419, 0.09672205349407047, 17.676, 30.408264113890624, 0.4180781651833857, 527.6371063199724, 0.08, 4, 2, 2, 3.076, 0.08593056068668987, 500, 1.4402471625554554, 1.4445254750867638, 1.0, 500.00000000000045, 0.0, 0.0, 3398, 3920, 0.00438775993043734, -0.042508927605365641, 8.6543289117544759, 0.035422845691382765, 1.4137351007235344, 2.4080801603206425, 0.013272749603563675, 3.7088367370478714, 2.3564264006524516, 17.269838594160607, 2, 0.9999999999999989, 0.001999999999999998, 1.4137351007235346, 225, 113, 2.408080160320641]
1
[500, 4419, 0.09554295200154948, 17.676, 30.51441890246467, 0.41835977957120385, 527.4796128088012, 0.066, 4, 3, 467, 3.066, 0.08285399101725632, 500, 1.4390444326580152, 1.4417599325570285, 1.0, 500.0000000000004, 0.0, 0.0, 3504, 3920, 0.0042152850066296795, -0.052765391820208646, 8.6482360950988131, 0.035422845691382765, 1.4121335039557017, 2.4064849699398736, 0.013183315021299482, 3.698079034747182, 2.3510475495021086, 17.44741078904127, 467, 0.9999999999999987, 0.0019999999999999974, 1.412133503955703, 223, 115, 2.40648496993988]
1
[500, 4419, 0.08889406129821434, 17.676, 29.766466795725897, 0.41706277219660104, 527.3375757902476, 0.048, 4, 3, 476, 3.048, 0.0785666067521736, 500, 1.4350471309213604, 1.4407968097388693, 1.0, 500.00000000000017, 0.0, 0.0, 3471, 3920, 0.003965554006381102, -0.055023041474748499, 8.6556075164737312, 0.035422845691382765, 1.418676710851421, 2.4130020040080167, 0.013195327687686376, 3.6972321124534617, 2.3506240883552354, 17.6632917604347, 476, 1.0000000000000002, 0.0020000000000000005, 1.4186767108514236, 226, 112, 2.4130020040080162]
1
[500, 4419, 0.09142853004887251, 17.676, 29.953589945710135, 0.4174208384444918, 527.5007274224928, 0.07, 4, 3, 465, 3.07, 0.08208411117609826, 500, 1.4394259303995967, 1.442049692101106, 1.0, 500.00000000000017, 0.0, 0.0, 3429, 3920, 0.004130344911518528, -0.04708504355641896, 8.657422467255163, 0.035422845691382765, 1.4174453324319318, 2.4117755511021968, 0.013240027961189291, 3.705269389066844, 2.354642726661938, 17.449438332862687, 465, 0.9999999999999997, 0.001999999999999999, 1.4174453324319327, 223, 116, 2.4117755511022043]
1
[500, 4419, 0.08838333916185108, 17.676, 28.719832744161078, 0.4151958648690892, 527.5768104509968, 0.092, 4, 3, 454, 3.092, 0.08140610545790934, 500, 1.4407655164692352, 1.4496082229799225, 1.0, 500.0000000000004, 0.0, 0.0, 3430, 3920, 0.003955052580492663, -0.032568058972122567, 8.6701963421461326, 0.035422845691382765, 1.4299925151507833, 2.4242725450901816, 0.013268421638657261, 3.7172170021928723, 2.3606165332249485, 17.556971660812223, 454, 0.9999999999999997, 0.001999999999999999, 1.4299925151507837, 223, 111, 2.4242725450901803]
1
[500, 4419, 0.09255094668448333, 17.676, 30.19627161266535, 0.4176440880460922, 527.3120058646066, 0.042, 4, 3, 479, 3.042, 0.07906030990805632, 500, 1.437285055956273, 1.442579836020077, 1.0, 500.0000000000002, 0.0, 0.0, 3479, 3920, 0.004005356004407376, -0.061593170297140572, 8.6511358475028981, 0.035422845691382765, 1.4156344818150346, 2.4099719438877734, 0.01317897491662316, 3.6945516201449298, 2.349283842200976, 17.62974493821912, 479, 1.0, 0.002, 1.4156344818150348, 226, 116, 2.4099719438877756]
1
[500, 4419, 0.09762927215537935, 17.676, 30.490238359781838, 0.4181483028419943, 527.1580377620261, 0.048, 4, 3, 476, 3.048, 0.0825266350105742, 500, 1.4385720400004236, 1.442585308645529, 1.0, 500.00000000000045, 0.0, 0.0, 3424, 3920, 0.0040180751112617605, -0.062379496143624071, 8.6444011709303012, 0.035422845691382765, 1.4125922527786472, 2.406941883767538, 0.013107128174250682, 3.6922214935859525, 2.34811877892149, 17.533638971142853, 476, 1.0000000000000004, 0.002000000000000001, 1.4125922527786468, 224, 111, 2.406941883767535]
1
[500, 4419, 0.09244635818408252, 17.676, 29.71527762886957, 0.4167603428960015, 527.5144009290855, 0.096, 4, 3, 452, 3.096, 0.08301401755832566, 500, 1.4418037406360844, 1.4480655083224974, 1.0, 500.0000000000007, 0.0, 0.0, 3456, 3920, 0.004097212100852654, -0.042631396504113545, 8.6564816235343081, 0.035422845691382765, 1.4210348407658684, 2.415350701402801, 0.013208086092100637, 3.7059112694076957, 2.3549636668323615, 17.39164875149829, 452, 0.9999999999999999, 0.0019999999999999996, 1.4210348407658666, 228, 106, 2.4153507014028057]
1
[500, 4419, 0.10038720270742477, 17.676, 30.827450449749282, 0.41848187405138093, 527.394610607186, 0.078, 4, 3, 461, 3.078, 0.08533994056626705, 500, 1.4365595284289405, 1.447013975232128, 1.0, 500.0000000000002, 0.0, 0.0, 3464, 3920, 0.004180997281955787, -0.05642466484423745, 8.640783188697073, 0.035422845691382765, 1.4112401509847008, 2.40559519038076, 0.013139177195401542, 3.6919423366669673, 2.347979200461992, 17.38518079872841, 461, 0.9999999999999996, 0.001999999999999999, 1.4112401509847008, 223, 110, 2.4055951903807613]
1
[500, 4419, 0.09834793971532309, 17.676, 30.527486000205354, 0.4175968053931487, 527.4774699932503, 0.068, 4, 3, 466, 3.068, 0.08625218225570531, 500, 1.4322188321749538, 1.4417259968728842, 1.0, 500.0000000000005, 0.0, 0.0, 3461, 3920, 0.004262055501966938, -0.047011661871606839, 8.6411431361649846, 0.035422845691382765, 1.4167934262098472, 2.4111262525050012, 0.013087343507615205, 3.7012843241118882, 2.3526501941844553, 17.363153771046914, 466, 1.0000000000000007, 0.0020000000000000013, 1.4167934262098505, 223, 121, 2.41112625250501]
1
[500, 4419, 0.08194524292528102, 17.676, 28.44156307970971, 0.41449514444174734, 527.412331721068, 0.06, 4, 3, 470, 3.06, 0.07740173015632114, 500, 1.4444306739023243, 1.4455808682760591, 1.0, 500.00000000000034, 0.0, 0.0, 3451, 3920, 0.003934405089585581, -0.027123263990226694, 8.6734641615076136, 0.035422845691382765, 1.4338154220086758, 2.4280801603206403, 0.013263372901312255, 3.717556920943539, 2.3607864926002766, 17.59746304996083, 470, 0.9999999999999998, 0.0019999999999999996, 1.4338154220086763, 219, 117, 2.4280801603206412]
1
[500, 4419, 0.08904873102555212, 17.676, 29.281248353073128, 0.41568811707090064, 527.6705210606324, 0.094, 4, 3, 453, 3.094, 0.08346084974768028, 500, 1.441655084646116, 1.444822684555624, 1.0, 500.0000000000007, 0.0, 0.0, 3455, 3920, 0.004169768897010233, -0.028644013754262024, 8.660105809626975, 0.035422845691382765, 1.4275056136369104, 2.421795591182375, 0.013231510522182851, 3.7149252831456057, 2.3594706737013116, 17.33818114776651, 453, 1.0, 0.002, 1.4275056136369126, 226, 108, 2.4217955911823648]
1
[500, 4419, 0.09010988415440821, 17.676, 29.47744972035956, 0.4164427111501757, 527.6719480393326, 0.072, 4, 3, 464, 3.072, 0.08081930642871628, 500, 1.4447017500794939, 1.4489950279285957, 1.0, 500.00000000000045, 0.0, 0.0, 3475, 3920, 0.004116454924868208, -0.037452307686914509, 8.6591910354139756, 0.035422845691382765, 1.4230308005569365, 2.4173386773547025, 0.013232889397218011, 3.705487871230408, 2.354751967743715, 17.462085909082273, 464, 0.9999999999999992, 0.0019999999999999983, 1.4230308005569368, 226, 117, 2.417338677354709]
1
[500, 4419, 0.09109721912760427, 17.676, 29.3837045950969, 0.41604784883812745, 527.5041483911245, 0.068, 4, 3, 466, 3.068, 0.0820982011687506, 500, 1.435293669230006, 1.437207109223714, 1.0, 500.0000000000006, 0.0, 0.0, 3458, 3920, 0.004068481395115635, -0.03683309477221218, 8.6590528830292293, 0.035422845691382765, 1.425123339047573, 2.4194228456913818, 0.013193742776006288, 3.71022250914022, 2.35711928669863, 17.488281768340293, 466, 1.0000000000000007, 0.0020000000000000013, 1.4251233390475713, 223, 112, 2.4194228456913827]
1
[500, 4419, 0.09849678297763333, 17.676, 31.42457577799781, 0.41972743065208956, 527.0306723148971, 0.036, 4, 2, 1, 3.034, 0.08140140762919469, 500, 1.4344994257208918, 1.4435209435620244, 1.0, 500.0000000000004, 0.0, 0.0, 3464, 3920, 0.0041512473163222065, -0.069332588964235581, 8.6359497436361075, 0.035422845691382765, 1.403739205318267, 2.398124248496998, 0.013083264673395148, 3.6825032966716194, 2.3432596804643206, 17.534805022754302, 1, 0.9999999999999994, 0.0019999999999999987, 1.4037392053182671, 220, 118, 2.398124248496994]
