1
[900, 22724, 0.12552975115829723, 50.49777777777778, 76.59543031716647, 0.4956514266685066, 917.6595633576275, 0.9433333333333334, 3, 2, 51, 2.9433333333333334, 0.12000317324134852, 900, 1.264722275088442, 1.2676879808957913, 1.0, 900.0000000000016, 0.0, 0.0, 35197, 21825, 0.00244457732565365, -0.024251390622855896, 9.5534849492209268, 0.05617105425781733, 1.0239043133796264, 2.021628970461014, 0.02237433197807749, 3.161889374309337, 2.082058272900766, 24.56711967628796, 51, 1.0000000000000004, 0.0011111111111111115, 1.0239043133796253, 433, 107, 2.021628970461006]
1
[900, 22724, 0.12159525162053307, 50.49777777777778, 75.3505676024746, 0.49529270483410137, 917.6402146735395, 0.9355555555555556, 3, 2, 58, 2.9355555555555557, 0.11716621904479724, 900, 1.263685864719986, 1.2655775959940958, 1.0, 900.0000000000027, 0.0, 0.0, 35067, 21825, 0.0023641933682493847, -0.020883026979837876, 9.5608946402137835, 0.05617105425781733, 1.0253065147862863, 2.0230280558645375, 0.022430187174364843, 3.163700424220226, 2.082963797856218, 24.717830549519135, 58, 1.0000000000000004, 0.0011111111111111115, 1.0253065147862885, 428, 106, 2.023028055864541]
1
[900, 22724, 0.12392931896795736, 50.49777777777778, 76.27226520337422, 0.4953505537527972, 917.6766786049927, 0.93, 3, 2, 63, 2.93, 0.11919916267096646, 900, 1.2665031101942816, 1.2687964842630164, 1.0, 900.0000000000017, 0.0, 0.0, 36368, 21825, 0.0024332096197779308, -0.022708813734586802, 9.5550305681980152, 0.05617105425781733, 1.0251529167523439, 2.022874799159557, 0.022399399216702164, 3.163133522305234, 2.0826803468987176, 24.58667409132513, 63, 0.9999999999999993, 0.0011111111111111105, 1.0251529167523437, 430, 111, 2.02287479915956]
1
[900, 22724, 0.121382970962931, 50.49777777777778, 75.59677228476154, 0.4952207814842711, 917.6816756814155, 0.9311111111111111, 3, 2, 62, 2.931111111111111, 0.11795728422020595, 900, 1.267301607111803, 1.2690038973646147, 1.0, 900.000000000002, 0.0, 0.0, 35456, 21825, 0.0024040690574035216, -0.019030510451648705, 9.5588415942665588, 0.05617105425781733, 1.0256384847306208, 2.023359288097876, 0.022430281857653694, 3.1646924439402886, 2.0834598077162596, 24.639662001716825, 62, 1.0000000000000007, 0.0011111111111111118, 1.0256384847306215, 430, 106, 2.0233592880978866]
1
[900, 22724, 0.1262213913080695, 50.49777777777778, 76.69042081868304, 0.49576801517268243, 917.6394446317718, 0.94, 3, 2, 54, 2.94, 0.12044407894736842, 900, 1.2681993647342278, 1.270652243711711, 1.0, 900.0000000000016, 0.0, 0.0, 35323, 21825, 0.002444251093194028, -0.024921306775879247, 9.5539247419367044, 0.05617105425781733, 1.0233568107102418, 2.021082684464216, 0.02238591992986725, 3.1628173194191516, 2.0825222454556873, 24.554400316738693, 54, 1.0000000000000007, 0.0011111111111111118, 1.0233568107102413, 431, 113, 2.0210826844642193]
1
[900, 22724, 0.12254412047413714, 50.49777777777778, 75.66950344931814, 0.4947654085826194, 917.7042342291888, 0.94, 3, 2, 54, 2.94, 0.1195616682538375, 900, 1.2652325664825819, 1.2680259013540836, 1.0, 900.0000000000011, 0.0, 0.0, 35896, 21825, 0.0024233653706075328, -0.015043411031277164, 9.5565858993350474, 0.05617105425781733, 1.02774178684061, 2.0254579162032007, 0.022298363277095928, 3.1653251486065, 2.083776160049361, 24.55366972456534, 54, 1.0000000000000002, 0.0011111111111111113, 1.0277417868406127, 437, 105, 2.0254579162031887]
1
[900, 22724, 0.12089418300105428, 50.49777777777778, 75.00566129742658, 0.4948377229479232, 917.721639951513, 0.9388888888888889, 3, 2, 55, 2.938888888888889, 0.11802417644141426, 900, 1.2641437338669534, 1.2665198575411498, 1.0, 900.0000000000014, 0.0, 0.0, 35405, 21825, 0.002388417000298744, -0.014887438605736393, 9.5630356405901011, 0.05617105425781733, 1.0273131987781519, 2.0250302805586506, 0.022493267606380173, 3.16642950729095, 2.084328339391596, 24.64703511332362, 55, 0.9999999999999984, 0.0011111111111111094, 1.0273131987781525, 430, 108, 2.0250302805586453]
1
[900, 22724, 0.12377544413059817, 50.49777777777778, 76.56949508644371, 0.4959166740415692, 917.6088628880318, 0.94, 3, 2, 54, 2.94, 0.11887610486626814, 900, 1.26489784252482, 1.2660216516775546, 1.0, 900.0000000000017, 0.0, 0.0, 35961, 21825, 0.002431404678227929, -0.023841296313338287, 9.553090972607853, 0.05617105425781733, 1.0227102125350862, 2.0204375231738863, 0.0223426531389851, 3.159615163365976, 2.0809211674290964, 24.597337275857186, 54, 0.9999999999999993, 0.0011111111111111105, 1.0227102125350849, 430, 120, 2.020437523173897]
1
[900, 22724, 0.12115893159981277, 50.49777777777778, 75.30490660531206, 0.4949643526035359, 917.6584675036638, 0.9466666666666667, 3, 2, 48, 2.9466666666666668, 0.1179357661045649, 900, 1.2639156653780794, 1.2664606808274956, 1.0, 900.0000000000003, 0.0, 0.0, 36308, 21825, 0.0023820883675130023, -0.015561914330493636, 9.5599889850385615, 0.05617105425781733, 1.0266789875412183, 2.0243974786800107, 0.022427745958411828, 3.164299716500825, 2.0832634439965014, 24.626343625287422, 48, 0.9999999999999996, 0.0011111111111111107, 1.0266789875412188, 431, 102, 2.0243974786800147]
1
[900, 22724, 0.12220570976696853, 50.49777777777778, 75.50307927910593, 0.49548975635096587, 917.6502939292617, 0.9444444444444444, 3, 2, 50, 2.9444444444444446, 0.11771187410313741, 900, 1.2648410785304218, 1.271919716837386, 1.0, 900.0000000000008, 0.0, 0.0, 34738, 21825, 0.0023791193779832565, -0.021689035962806354, 9.5610678487340337, 0.05617105425781733, 1.0244815447007434, 2.022204919045845, 0.022453166795512243, 3.1640175527136325, 2.0831223621029227, 24.70083212475746, 50, 0.9999999999999998, 0.001111111111111111, 1.0244815447007445, 431, 108, 2.0222049190458535]
1
[900, 22724, 0.12073348719517295, 50.49777777777778, 75.28187700351414, 0.494998643961351, 917.663552599491, 0.9366666666666666, 3, 2, 57, 2.9366666666666665, 0.11683196702952112, 900, 1.265379120208908, 1.2664552053271911, 1.0, 900.0000000000023, 0.0, 0.0, 35127, 21825, 0.0023629484696842634, -0.020044303093691831, 9.5605380602813774, 0.05617105425781733, 1.0266789875412192, 2.0243974786800156, 0.022422469600780343, 3.163423454440214, 2.0828253129662078, 24.685902573932704, 57, 0.9999999999999999, 0.001111111111111111, 1.026678987541219, 436, 106, 2.0243974786800147]
1
[900, 22724, 0.11999027637170474, 50.49777777777778, 75.06437405088464, 0.4949056257808109, 917.7028664526214, 0.9466666666666667, 3, 2, 48, 2.9466666666666668, 0.11752383548671741, 900, 1.265217732746928, 1.2674570359789628, 1.0, 900.0000000000009, 0.0, 0.0, 34916, 21825, 0.0023791737150953497, -0.014633892818825755, 9.561672778639311, 0.05617105425781733, 1.026976274058531, 2.02469410456063, 0.02246197312183325, 3.164896501488887, 2.083561836490539, 24.625425484069606, 48, 1.0000000000000004, 0.0011111111111111115, 1.0269762740585302, 435, 104, 2.024694104560623]
1
[900, 22724, 0.12073705079834707, 50.49777777777778, 75.0586130399819, 0.49509968751312966, 917.7090718653434, 0.9433333333333334, 3, 2, 51, 2.9433333333333334, 0.11759821952288851, 900, 1.2651374560191269, 1.2696486210922562, 1.0, 900.0000000000009, 0.0, 0.0, 35098, 21825, 0.0023797419753909333, -0.017032888065356185, 9.5623946962912534, 0.05617105425781733, 1.0261537813606325, 2.023873439624274, 0.02247701116623175, 3.165928027877382, 2.0840775996848016, 24.672890632408322, 51, 0.9999999999999987, 0.0011111111111111096, 1.0261537813606318, 436, 106, 2.023873439624274]
1
[900, 22724, 0.12281470822145266, 50.49777777777778, 75.66176417303255, 0.49530480852208286, 917.6978149901784, 0.9388888888888889, 3, 2, 55, 2.938888888888889, 0.11966168370427753, 900, 1.2645016028871678, 1.2665687139082837, 1.0, 900.0000000000016, 0.0, 0.0, 36191, 21825, 0.0024216404228531788, -0.015302662542173598, 9.5582304231268225, 0.05617105425781733, 1.0252990826233537, 2.0230206402175224, 0.022433267393328203, 3.1640436066806235, 2.0831353890864004, 24.56034139522294, 55, 1.0000000000000004, 0.0011111111111111115, 1.0252990826233552, 437, 106, 2.0230206402175255]
1
[900, 22724, 0.12294161413502484, 50.49777777777778, 75.95347362468755, 0.49544782061553716, 917.6603781720586, 0.9355555555555556, 3, 2, 58, 2.9355555555555557, 0.11894244191792025, 900, 1.2674839478919078, 1.2680498197521108, 1.0, 900.0000000000011, 0.0, 0.0, 35663, 21825, 0.0024140259882682908, -0.020505690268405961, 9.5566057887386631, 0.05617105425781733, 1.0246970774257973, 2.0224199728092853, 0.0224014263647742, 3.163220078537526, 2.0827236250148746, 24.619222375219117, 58, 0.9999999999999992, 0.0011111111111111102, 1.0246970774257955, 435, 101, 2.022419972809294]
1
[900, 22724, 0.12205758461116561, 50.49777777777778, 75.31995668731399, 0.4949887794142112, 917.7132887634205, 0.94, 3, 2, 54, 2.94, 0.11825086994280595, 900, 1.268042244791454, 1.2694244467043825, 1.0, 899.9999999999999, 0.0, 0.0, 35503, 21825, 0.0023997480406575396, -0.017327851445427461, 9.5614847379986543, 0.05617105425781733, 1.0266616458277071, 2.024380175503643, 0.022476811995408578, 3.165674567401482, 2.0839508694468365, 24.64974075704675, 54, 0.9999999999999998, 0.001111111111111111, 1.026661645827708, 431, 108, 2.024380175503646]
1
[900, 22724, 0.1252011985760032, 50.49777777777778, 76.58475169411834, 0.4961632065660261, 917.6076812948193, 0.9388888888888889, 3, 2, 55, 2.938888888888889, 0.11932015976975814, 900, 1.2655216704542678, 1.266874070317109, 1.0, 900.0000000000013, 0.0, 0.0, 34987, 21825, 0.0024167081447272684, -0.025859356286854578, 9.5532762166929448, 0.05617105425781733, 1.0216598001739117, 2.019389445062414, 0.02235238721242759, 3.1601183442581435, 2.081172757875165, 24.6245539707916, 55, 1.0000000000000007, 0.0011111111111111118, 1.0216598001739121, 434, 96, 2.0193894450624152]
1
[900, 22724, 0.12101213875749482, 50.49777777777778, 74.85174118171922, 0.49462987036675, 917.7065708071318, 0.9311111111111111, 3, 2, 62, 2.931111111111111, 0.1187799800995263, 900, 1.2658571015036844, 1.2685323755100706, 1.0, 900.0000000000006, 0.0, 0.0, 35552, 21825, 0.0023961294698218857, -0.0096405558504507605, 9.562651387865742, 0.05617105425781733, 1.028170374903073, 2.025885551847715, 0.022479652961908864, 3.167683398403933, 2.084955284948071, 24.579128556567664, 62, 0.9999999999999994, 0.0011111111111111105, 1.0281703749030722, 430, 114, 2.025885551847732]
1
[900, 22724, 0.11768122548402014, 50.49777777777778, 74.30799343326487, 0.4945413744005209, 917.7367109254411, 0.9433333333333334, 3, 2, 51, 2.9433333333333334, 0.1170672508230501, 900, 1.267877933446616, 1.2696588583677182, 1.0, 900.0000000000011, 0.0, 0.0, 33747, 21825, 0.0023698563573510477, -0.0085464608012493573, 9.5664099668328841, 0.05617105425781733, 1.0285518926002915, 2.026266221727844, 0.022516866994835346, 3.1666390081003413, 2.0844330897962813, 24.63247365159468, 51, 1.0000000000000002, 0.0011111111111111113, 1.0285518926002912, 432, 108, 2.0262662217278455]
1
[900, 22724, 0.12232681539032458, 50.49777777777778, 75.42966665658334, 0.49509767017934164, 917.6843951915863, 0.9344444444444444, 3, 2, 59, 2.9344444444444444, 0.11944750132354603, 900, 1.2672622559169737, 1.2692598854734682, 1.0, 900.0000000000005, 0.0, 0.0, 34425, 21825, 0.0024017233358510737, -0.014373754581393137, 9.5587272729715895, 0.05617105425781733, 1.0261810326247178, 2.0239006303300013, 0.022421076368466065, 3.1641662996275954, 2.0831967355599006, 24.57982572963445, 59, 1.0000000000000007, 0.0011111111111111118, 1.0261810326247178, 430, 104, 2.0239006303299965]
